450.5,91.5,31,37
439.6929456787493,98.68573962251757,36.15642317192031,32.85206582942775
433.3760682015225,103.90960648506845,39.08213216690128,30.04535287916729
427.58093297433965,108.63253875784751,40.404116869924174,28.098939017202923
425.25599945366037,112.80341032657232,40.087437375790806,28.73497431450673
418.61185784162905,113.57147310030834,41.295841792785595,27.265650180928375
416.9278646176617,114.53087643195455,40.440580235806955,27.75656942210069
411.0586791154554,115.94744752960352,40.05909726683096,27.797221782466792
403.0503359629475,117.0501378316528,40.9835184427574,26.714117126892717
394.24117144950486,119.20096091303263,43.01877385361483,25.08679356926612
398.54878461349136,120.67245372561739,43.137661218879124,24.79318457487968
399.1896134909994,121.22299713258299,40.529145420192336,25.88744030168944
398.0697264576694,122.22360254658938,38.596121806951246,26.573498684492122
395.6052226353638,126.29567292495366,37.6079737089172,26.631987970793325
394.6544956748055,125.84438675930465,36.19655164393453,27.38861779291698
393.00908626071407,126.93439044408977,35.00649164216137,28.01270664527059
392.4575903159532,128.6794614176744,33.76558618900111,28.763848591686532
392.05830545880366,133.34286550616034,32.568847861727704,29.02433594694124
391.2226157478303,137.85364971172805,31.511006893354644,28.723299953103172
390.8885912844874,143.12473015564515,30.955201159052482,27.795642925742577
390.82334830440885,148.74331714301454,30.772573191368473,27.106637133376882
391.0275235479346,149.79088535856158,29.97656628384761,27.261684046170124
387.33026840483546,151.2573537587197,29.874721513283255,27.5181548329053
385.69060853201273,151.540347690355,30.07133099281542,27.346329535104438
382.29152990977593,152.95760860426176,30.626637456801955,27.46254852149984
381.02227101218307,150.8169727140927,31.306253036030103,27.16651641542436
380.2299703626137,152.0877519167719,31.844227409700295,26.952893467295613
377.7744336436315,149.84994362073806,32.22154316104975,26.60014521027273
372.6701563042242,147.8742083646965,32.55014636281357,26.46480465668203
374.3344943632935,144.76007597012432,31.902805455475075,26.469110953547307
374.40768333576415,144.50997779519645,31.155060573373337,26.591272145484133
373.8088226176696,145.58209826430917,31.154332397898628,25.348528750116817
374.37065825575513,146.1496199847065,30.586131051899567,24.74963332100659
375.0473206413076,145.15120624064568,28.99726238900717,26.000977291481448
372.99538440958895,150.4478876876387,28.253229693447835,26.30430667349634
373.8877055060195,154.58470181469806,27.4732431001809,26.883699087407408
374.3370912786141,154.80069564683308,27.070788643595602,27.368192381599137
374.82923857421525,154.3298141333933,26.63657560346823,27.808011402989326
374.93357362527934,153.67752334685144,26.923275233720013,27.15934972045783
376.0799809393616,151.95339737973882,26.920226917201006,26.964014780674937
374.9295355067056,150.80851622847194,26.261648464123134,27.443084892084684
372.38598942429155,150.925628007372,26.224170259230743,27.64284615035893
373.62484532686994,152.0448329126825,26.37152235025311,27.562063445450853
373.62541155804837,152.72812849378894,26.865291634407725,27.15738622652865
374.20627754767196,153.91789222305195,27.24034013173072,26.646030579106483
373.77270227103884,155.13358185176256,26.863091137420042,26.332357620513402
373.8460710184554,155.91101193417688,26.586094188336617,26.042790100185485
373.38971019997547,157.16482776883726,25.897936394525527,26.20983961754076
374.19460162554356,158.55258048813286,25.068833186543493,26.432123800302673
374.1230166976531,159.90307277972056,23.977613856418984,28.004920516718336
374.64189365172496,162.92449892455232,23.83208253156919,28.28544392895912
374.65713529446293,165.17725920233102,23.86875877959388,28.77807658308803
375.1034527532126,167.12164147283224,24.20439713460893,28.81883717903321
375.60830879384434,169.0857204684976,24.18193758678123,28.770026273655226
376.13108013237087,167.0499992280715,24.718150428641444,27.62104600975647
377.11525507741266,164.03987618996268,24.540261721152156,27.68514775308835
377.10520732342593,164.83433447188503,24.195620374095625,27.489720550052972
377.5424447273524,166.5081221212078,23.834772618549806,27.40659913934691
380.75730325385035,166.99029107130625,23.846144718843725,26.87121470794961
381.32438556928577,168.2790618487737,23.539901597715584,26.617018814178056
380.5388228613636,169.69564223991372,23.911744963427118,25.745339364676912
379.94969956035845,171.23504240237912,24.044574971885783,24.816344585552983
380.86095404415266,172.46572048661366,23.748886187097717,24.49539335673539
380.9921588868239,173.35644414070688,23.837518563799343,24.423668448260578
381.9291262127315,175.33618205070584,23.56005247983245,24.44401645600618
383.1717568258308,177.5162651059533,22.952497423715894,25.312993965048637
383.85572277347444,179.000468309742,22.441759415662318,25.15705346361444
384.3749335916402,180.1520718683345,22.189054611014953,25.14463666587215
384.6584274304666,182.20797181825242,22.372498113362454,25.68135103681881
384.66441229740195,184.7880109321917,23.26041367631333,24.98401084604964
385.0218923577674,186.71468259743068,22.709865696428672,25.602559872444203
385.6577300940127,185.73974956959466,22.335131110912325,25.979539818764145
385.9253961930232,182.8361946610642,22.424856014141174,25.45610850194442
383.751694432653,183.47109970180216,22.355969728515568,25.166714360753264
385.70960661263155,184.5845031773738,22.494135732633165,24.899302460612518
385.8316338243316,185.71042425351052,22.97697687998803,24.03921374347391
384.09334070844903,186.9329688851869,23.473816531629303,23.31920461260555
383.98820731842864,187.99024037249427,23.501621379368594,22.67846325084483
383.8454104650746,188.05514602571145,22.988566371057324,22.89645538808077
383.96352269747354,188.63630672377926,22.287861357162434,23.319050225961554
384.1469010916465,189.78687155368803,21.72834615764745,24.0468197589541
384.1659941640674,190.6075532876996,21.30408582743431,24.984315381735975
384.3573524024361,190.69342686213244,21.34827241971623,24.980533406591643
384.30094413154876,190.06553906981267,21.386830440291593,24.485518514432183
384.30075757757874,189.9375455794891,21.35237962392864,24.069357326992296
383.85050957402797,190.05307743001975,21.346679632838374,23.816668621222238
383.5893432480071,190.1081459322311,21.222995627527617,23.992849054686687
382.8137767353373,190.42506272033802,20.946845270451494,24.065682365279375
382.14729404133567,190.77631524916762,20.582387438773942,24.30135995961677
381.62528454008253,191.54313681287977,20.53321779782469,24.0856333446818
381.5911647009288,192.73454566870845,20.628882962726564,23.503970604147163
380.1878866970831,194.2385150988648,20.779965261311485,23.32645915205284
379.3249373405132,195.71461363514072,21.46622283255984,22.710737690234044
378.06507145299616,197.9920226257691,21.8953903566479,22.346908726463873
377.4897849029513,199.426796243962,22.41183685313421,21.64535217458735
377.07607233996026,198.85907830798135,22.671751433862546,20.898421031663727
376.4903287005134,199.59952081806844,22.634926320521586,20.19310765579571
375.6013752897319,199.59960396436338,22.531264591021053,19.738807822813875
374.5182926467783,199.7310572310085,22.21964691222167,19.80299936109887
373.7276659824001,199.92340132627413,21.74008204563523,20.186910263527945
372.6107769976049,201.19625974056208,22.016288627934575,20.01195268368553
371.71726827748773,202.0959236965958,21.840977991806284,20.421735270046455
370.70464094616176,202.99059703156144,21.67941286266445,20.844202765230545
369.90063212765307,202.84025009127066,21.663854931482707,21.216128420797848
369.41845338191496,201.71543352433218,21.723353297344737,21.599860918955503
368.8315295860441,201.55782363853533,21.64868814418282,21.838512467013206
367.17014782833076,201.5565357108242,21.826957602907886,21.67208246651754
366.33523600166376,201.2129740199029,21.86574235205186,21.487767345094777
365.97114287233904,200.93894465870486,22.061377202887243,21.102526287598884
365.1742041386338,200.1565470999885,22.09268660179343,20.688353499987045
364.1317343612504,199.8240316915171,22.324084186307246,19.944450081357072
363.5926485547631,198.7675375690917,22.270019795405993,19.652210426656442
363.43107693658317,198.19484102624259,21.89629425449087,20.08014782721596
362.7071644256773,198.19209336258027,21.69429978300881,20.21729129270607
361.93102283141195,198.82820246592402,21.63424371334557,20.038350421185477
361.23891618725344,198.7861254517435,21.70964211843046,19.97167546218658
360.234295164133,198.24973585894813,21.913114244322152,19.670815660236105
359.5972873854378,197.58890449867943,21.784040755234283,19.34471655902665
359.1132547480623,197.417906730414,21.675578672883947,18.69967360240112
358.03808230228043,196.00844283024466,21.46764981986456,18.464279875258686
357.39949480048904,195.78255346034837,21.660831507750558,18.03461773713684
356.73624550685776,195.94778514741304,21.505127445896612,17.964147945971416
356.63182253393626,195.9656164396457,21.57866151997257,17.9841630734698
355.96932615765576,195.73619347468443,21.482846314884352,18.02903293012726
354.87828283945845,195.51413701949673,21.799317106552383,17.881120322085273
355.0577258632289,193.38180456343346,21.840616375812587,17.621078870533818
353.37805914330403,192.4920810510143,22.0014777926521,16.908878651872367
350.77317236638675,193.96573945091677,22.784387676137463,15.755115442842
351.8413697066599,192.50674984984133,23.10801425299164,14.941156282871315
352.08271256892715,191.15352748852538,24.33838843064837,13.790323373743533
350.18727956657636,189.8007119930225,24.559147690583707,13.338740438434025
354.33527667285705,187.73377438035334,24.7951568807323,13.198495332961786
352.1576165224232,186.30770680255765,24.89316822163902,13.095967927136515
347.82931672731246,184.38143169307668,24.65371068295432,12.792107928813303
345.67776526427065,182.0474673363562,24.255426680479523,12.566615469158613
350.9062342016777,181.8955409021144,24.144656370057515,12.063232023822316
351.55713855575294,182.30989483795892,23.975313024455843,11.43564087793568
350.4948380711597,180.50628633330086,23.776910939977277,11.029162170393901
349.41912146591187,180.5821046416098,23.141103406835814,10.989112206472138
351.6922934752835,180.9032613676268,22.872788353088826,10.841181433900564
347.07246274949614,179.09452025958834,22.838251272559074,10.662064023436349
350.5980770481033,179.0111851846331,22.83818253404845,10.660867153574308
351.1591151835323,179.67467441552,22.837456790000033,10.660591763394736
352.0123080825014,180.30577209750072,22.836212774822506,10.660202291423976
349.17188303998176,194.45003373176908,21.716124253599546,11.538606360533736
349.269159468524,195.20577477901247,21.716407774612698,11.537870149034921
349.8545589755215,195.74056554438084,21.71676004102071,11.537127572270025
350.20424161682604,196.41398762295825,21.71671334619174,11.536632177627428
350.649084065479,196.98524747031686,21.716702754801663,11.536128774528542
350.9990364606437,197.47809157934756,21.71673912276685,11.535787946641998
351.5464711679472,198.28844086132332,21.717261816123486,11.534913434547509
354.01928784531975,198.91310782419163,21.72512682487322,11.52696890261732
354.5671915618165,199.39399905552028,21.72491582456555,11.526229320972002
354.4920875543234,200.0215802575211,21.725141893798703,11.525339139489287
354.8738005591121,200.64065256640663,21.72739572049443,11.523537786297986
355.31513869081107,201.31924112653905,21.73310004419752,11.518584300752966
355.990514138057,201.98670859828715,21.73845245075396,11.514329131541187
356.29194346153747,202.68411028188996,21.73852458801842,11.514112685073796
356.7765976552325,203.41265700106862,21.73846103838932,11.513895405430715
357.5450068191477,203.89329050499924,21.741785961977985,11.512114524469206
358.4486397333275,204.75402219644323,21.742058404568603,11.511718331751498
358.9927855314964,205.47060533943167,21.742618379313956,11.511088886213498
359.88990076355947,205.81205369682192,21.743753606372856,11.509359237530232
360.90951565504906,206.59751734123935,21.746499560011692,11.506931633029184
361.69643217468604,206.97976908456843,21.749632806443284,11.502884410390058
362.4579123065393,207.5048069271736,21.751031530545,11.501279222311021
362.4477760434237,208.28162285244673,21.753585132566712,11.499813952918641
363.10523338011984,209.03183139615047,21.756918611907263,11.497417991304648
363.8135103558791,209.5397304615951,21.762492503291977,11.491820360903679
364.6511031265461,210.09494555663852,21.763469204847308,11.4903182551903
365.4933193873773,210.81710374454508,21.768282503230402,11.48795780341131
366.0797433280756,211.58236716262985,21.77261693861383,11.486042627245382
366.3195674906187,212.28257716027045,21.777499449871417,11.484537207541003
366.29269675213766,212.9309439357593,21.800947721080593,11.470133215889442
366.5360142931012,213.69138738663636,21.819187941468254,11.461829450693873
367.2651255674282,214.5120944481486,21.825042865500965,11.460212895990633
367.8332943032951,215.24705291356094,21.830676862692684,11.456607419938889
368.72934509317366,215.86235559497342,21.8318415793223,11.455153186836535
369.6178349940866,216.4874767085166,21.83235382385264,11.453903641253456
370.3439869797469,217.1235672536898,21.833109525841312,11.452792554416607
371.49095494001114,217.50900154003912,21.835727932323984,11.450621660760776
371.6660687720323,218.12687522813846,21.840996048987993,11.449488060769067
383.22689180720926,217.6341807589705,21.26773178405402,11.94141768499708
384.77986351351154,215.26638440222072,20.856812146550133,12.353532176603341
383.1767321422119,215.44761552732848,20.696935477223164,12.49896903193666
387.9284189615022,216.05545089121748,20.115495966450258,12.940561106282674
408.122092909953,220.90769463662178,18.55876406686314,14.53595745794237
408.8456165624133,220.26564580012305,17.38158689415035,15.611974719982452
409.12803902760743,221.2732405165845,16.84346205546264,16.086407879985593
409.68968929470896,220.51335109801673,16.358957195106818,16.675646572677653
410.40878577009374,220.65371866431167,16.014372146864,17.24395397491594
410.62322941554476,220.61256615182904,15.912718081069231,17.533607942637854
410.31066731819743,220.40192093827994,15.757586004401595,18.001199574447227
410.5297253736614,220.1734425686266,15.561744088429466,18.402922347194785
411.0743386018201,220.09742049932464,15.524779461488304,18.617428290397214
411.5568439835054,220.60114648415765,15.791749498746317,18.571829228865692
412.0103161654061,220.7965669179891,15.849593393020621,18.677228082977802
412.123513797449,220.9396430996435,15.776598415967035,18.905279685332978
411.0942731593003,220.75745383444007,15.868177674670937,18.98490164468537
413.12006108676695,219.16690383279888,15.992587632878525,19.100010723132506
412.87091016744165,219.7224314811005,16.194428574798728,19.21606152088964
413.2353804827542,219.8855998918199,16.19674687294942,19.518857864333484
413.2666577168261,220.00284272614678,16.402133849917796,19.537192657668186
413.4667349781131,219.40818760098466,16.487682616852712,19.853262735129434
413.9315226239704,219.27367431867765,16.54186607271572,19.9365263728073
414.5279937608428,218.91748858609589,16.643955346517394,20.12075902161415
415.0647157654774,218.81490886653512,16.63916301342617,20.265051553496754
414.71668749327034,218.7199127154495,16.709176357347353,20.318070519328966
414.78449215935285,218.3507635787121,16.761266641137652,20.342881286891004
414.87153385223684,218.4415072846443,16.960571098740168,20.184881934666542
415.3938915504198,216.38426318173876,16.995863851521218,20.390444368764328
415.3653278822102,216.55013219216653,17.077730309958756,20.424798374142455
415.8093625669851,214.62765313989533,17.10372200989739,20.725191516297773
417.6188054820656,214.63891811206565,17.153453428271476,20.930442092873147
416.73085968008905,214.57068902139343,17.16659905577655,20.97406682229084
419.0685248662087,211.53618412245473,16.70494084463959,21.990788564748375
418.747250621747,211.35257833239248,16.534782028608497,22.495959297332952
416.80998493672183,211.60350354229718,16.720205980598458,22.559120617254397
419.07665825080403,211.62436932439235,17.04844640001096,22.458196593033726
418.87244965710215,209.63846260129367,17.317677518045496,22.637801367661282
418.8828064669537,209.68606016265954,17.3986820707734,22.703918631323045
421.3098241419026,207.2737753606723,17.620249252308653,22.75052984220064
419.2959195580749,207.8693026754263,17.74876809670656,22.947901039719003
421.85726805769457,206.8876953585713,17.367812754724316,23.56307270849365
427.09842347856704,202.03243950545425,17.064964345840718,24.081533480889924
421.9674368184765,204.4650591925875,17.33237837799697,24.097286519190575
421.93873751188625,203.89621682164932,17.594715015459848,24.028201794666746
424.5355783399723,202.45424566182126,17.332621055363223,24.531300713367656
424.3149200033612,202.44214498956003,17.476673212231855,24.44371794990702
423.57389391911255,201.23389133182835,17.283517646621178,24.790189092503585
425.819434175081,198.505465150752,17.243069706858236,25.13854097400441
425.5568183310371,198.02976124009257,17.195253816611263,25.59328155923358
425.6445859360128,197.21553354006326,17.149870936462456,26.048529676272143
425.44733615131395,195.60177501368446,17.09617099528578,26.550088620127752
425.21660090066206,194.61193032295722,17.058829327752964,26.96656536844933
427.52555697807526,191.47370316890286,17.12919584800586,27.13987073933272
429.73858664971164,190.37053772869024,17.06291824682907,27.360475024833026
435.6063164041136,171.2660622687515,20.27382981651637,24.34521711292336
441.661999270647,172.05581177176873,22.022144259230796,22.486433748864343
445.9736817407254,171.8271220953132,22.686579154279105,21.639701025016066
444.90834039785193,169.83417719657064,23.742774869124563,20.380327722830778
445.9744457865362,170.54740545585037,25.201121905400473,18.9709502465421
442.04538877523953,168.22551311179825,26.36621939891046,17.86376743205234
446.9606839073971,168.11872381154984,27.201084952771623,17.071371024538294
434.17275013346904,155.44213407688895,30.852117295549622,14.955007036828805
436.7269913966603,158.50998844213916,32.05674941226398,14.424938717705343
443.38813437920487,158.95594056973627,31.94824003561488,14.7237060256596
453.6942552262151,152.73505514833903,29.953412816081688,15.957788536850103
448.12598473944445,150.41277337689718,30.411780724437442,15.35356229244131
445.10617070282257,151.2512886625458,31.20975487846121,14.620658923178096
433.40120893013346,148.83569406646373,33.34581749244293,13.694537724869779
431.640417175539,146.4635717761121,35.46352386254039,13.088444800232503
431.5515795395148,143.04507213451632,36.62019719958357,13.288501696796853
431.7293486033098,139.57384494636898,37.00786926848871,14.286439414308559
433.299905196048,136.18793167878198,37.139381290913306,15.656534935230884
435.6112063380398,132.55489698997957,37.12679964444191,16.958445300994896
434.3205568058919,128.52789060362596,37.070004760373365,17.956739651766043
436.1924248349347,127.62817210458627,37.509925394792695,18.632583915508576
435.23951424499364,127.40858537873424,38.513441508089244,18.875315374095297
433.71571669016004,127.83092566417933,40.15807190656717,18.759532613187424
431.2494943576722,127.49142433788313,41.70834565593928,18.14924078450235
430.7688274003414,128.4490752962716,44.26955990831591,16.82499163834005
429.8087661134524,129.0617589082565,45.975557936639035,15.768327016756713
428.20345591120224,129.71763069792775,47.56244493984076,14.695467096657781
427.1304203073696,127.38082563402291,48.91662206925139,13.865994949076851
427.0382140684415,128.00327538508967,49.38885786654269,13.785890607236947
428.19293976627625,127.74004897149615,49.75643631897193,14.425423228175186
428.0178156893339,124.95578625523825,50.04402804046655,14.848774157364579
428.40591494193745,124.69792728226355,50.22667175318158,15.472653873121303
429.3713028648703,123.85333023444069,50.46988830271683,16.504377742479193
431.11035870519845,120.0084662806717,50.18139783215882,17.12230255706063
431.7989199638508,119.46550470034903,50.118325750874085,17.94334309355664
433.3081655779429,116.73656914594977,50.86070402571108,18.089584907006035
431.6330351480379,114.67525394482875,51.20664426403059,18.437417154417147
433.1963090866033,114.97119986547594,51.79335489176731,19.031772542698892
436.403513082201,114.16092149936641,51.84131729623234,20.181982079054215
441.0045873171599,113.07301808732221,51.58464631197128,21.20111165704887
435.15755662598553,108.98153191331421,51.60307712486199,21.551460523314383
436.9196387642636,108.10941773470233,51.58757793314477,22.35537935600199
436.08913261720915,104.35203301018514,51.655751582272295,22.29143300379737
447.2377558228994,111.02177793384048,47.85119430358229,25.797526118522832
452.98373125997523,110.36568680325924,44.38699439836364,28.644065808236043
456.56121101621875,109.33917857184981,43.12315436600971,29.54958425946582
455.6021121455274,109.45299246632081,42.53343374954319,29.888782516036997
460.65024397512076,103.42377196294674,41.11678701845713,31.128591396930624
456.7325135397358,102.77850447592002,40.21326950330168,31.83906737907507
457.7676899762304,106.48585547746129,39.32185823778786,32.38502058839488
459.0166867263019,106.77501408849422,38.14123300661147,32.826735414554406
456.4752596308258,106.23062538925113,37.44624801375625,32.94999749750789
461.8038130536627,106.24668859053386,36.02530812212307,32.895825626030884
462.77396769630496,106.9840877078005,35.158180823647314,32.48393401438428
463.09710097976165,106.89797449175875,34.417750242871264,31.95362547284642
464.53341805394894,107.2710783896353,33.809559253600135,31.44944469158726
465.80012441594386,107.96080613826516,33.05496418326632,30.64047341530913
466.5882935734448,106.71506538629242,31.98340347856635,30.458156119739847
467.0841814944646,107.57228820844632,31.34325951633329,29.897590356337183
467.6308550875321,107.28247936703244,30.770192214536642,29.379087945819336
468.5909978906508,107.53802903780647,30.34066419287116,28.887907755711534
469.97093019807505,107.69829884841374,30.156140087437308,28.344719305275248
470.7603394586279,107.60477543913653,29.742075837838758,28.227220244465663
472.3789707402789,108.15299458030259,29.48310335556112,28.171847178197986
473.5918207780209,108.1334222985526,29.0041771667576,27.559207560103122
474.5305013731635,107.78071558369673,28.01165700134809,27.73424294616327
476.1139536838787,107.6694496601152,27.675687142872313,27.433718345820374
476.8505707376952,107.80745079841839,27.450085181121054,27.24661727606502
478.0890498487096,107.84145946807253,27.138014148957335,26.875246895346287
479.2086727613886,108.11252595312307,26.869386571585267,26.552182556775026
480.21617372024673,108.94862104788145,26.88529991418382,26.20527148388883
480.8363784690697,109.50213143389834,26.863978970920186,25.661517823633297
482.25647553745966,110.33079518012426,27.196359831088564,25.115504270276
482.98656941403937,111.02594405834657,27.275501845156327,24.56623770756461
483.8258760600329,108.88078221754982,26.828807126548813,24.831596579740356
485.26727983751545,109.99537629469654,26.43722171475686,24.62149574005263
486.92147569407007,110.93554723707214,26.25654392033358,24.304321308113618
490.69229724314414,110.64554325187844,25.472353310131027,24.37814100507117
490.8847841747284,111.6480522056841,25.240137225726254,24.295066762010627
490.9499359394813,112.45980379703846,25.303144553039633,23.894493533830698
491.31736953650886,113.7135612784418,25.170274972891338,23.627290670480814
491.9404289922624,114.92624383686098,25.389409414503113,23.107697166763515
492.471060856371,113.55061989413419,25.079169157641374,23.425188939164723
495.4039456621609,114.58080436299652,24.75945152512653,23.559946058111187
495.3070312061701,116.05094872678426,24.78113434028255,23.457287602447334
495.91024306095676,116.60296315650774,24.67787601881649,23.388565196705205
498.9298996951453,117.29880353253758,24.20766456089468,23.66638336508621
498.986384623817,118.14185064786982,24.12440975356324,23.584155711570165
500.732960479799,121.34705396101009,24.01478675101087,23.10603630147613
498.6966922463317,124.52970876877617,24.530233412342504,22.375667787018198
501.888949272526,127.58731824270211,24.569782088835627,21.774406816461223
503.66600231110954,127.66646928311617,24.170491447078177,21.61177059087318
503.45144854339463,128.17151206307653,24.131825634414866,21.228461964622483
505.64721646603584,131.6686523318984,23.64989052384314,20.874966167426795
506.2168255979279,135.4372089966114,23.518445182574922,20.351644399127508
507.23158617886963,138.84541192910035,22.992855543060855,20.279145032104914
508.02025186454136,140.24698633634577,22.41979210270193,19.826666793709634
509.54604385703544,143.01084483565026,21.718293376197643,19.619694309566015
511.8650846973282,141.0905959303234,21.100299891412927,19.233844673778076
512.4575739666191,142.32979602585274,20.3913961974298,19.06915254965967
512.3563763314365,146.03091794777382,19.907069248804568,18.568079913245523
514.3764606948597,149.69256359793852,19.44114573642066,17.96344706018177
519.5706436785323,157.9704590041625,19.340739821565673,18.728056485770868
515.0404122011446,156.28718226938915,19.071443178562827,18.268280485636794
519.8148980805365,163.28132217345828,19.089702598062484,18.476840963753435
523.9861293802114,156.0477280606672,18.95689289940858,18.52419695972133
516.2468022801168,153.33086242423778,17.52807448912438,20.366733602910973
513.7424208071951,154.70695862648506,16.92031703015197,21.281143809958188
513.4841052332023,167.8649178080771,18.175058303202487,19.90005706603675
514.372829601012,171.11573832620823,19.52494416230957,18.17437122996982
520.0080247544391,179.09085646956285,18.935034812486542,19.000883600487175
520.6225541890383,177.20749534542415,18.692889207086004,18.36035496756949
523.0220519285223,175.31218411278633,18.472943792204777,17.842985451338777
525.2719012460251,179.01238614794633,18.124379648166126,17.292711939032692
527.3975618965591,180.54242066226848,18.00020554482157,16.67018677940696
529.3351578008479,184.1270101776866,17.737027076240096,16.042497349705958
531.3468084766155,186.34280831652538,17.483548799045717,15.662118628028153
533.9596244640516,188.04521660694164,17.203965560745935,14.89382982391377
537.4484168123503,190.5731939581977,17.03276828861758,14.4870150025357
538.9038330379809,190.88757708147185,17.072251551238733,13.983156666811206
543.0293073337835,192.77099442194563,16.825461933327247,14.117156069420766
546.5816513940416,193.05338810053124,16.826487180273247,14.09333236199933
551.761353527903,192.9368278755547,16.68985455714287,13.942048480506664
556.8782959621939,193.59604266710585,16.30282771315818,13.853408273663266
560.181847634155,193.57496629707322,16.089967609592236,14.049915854245555
565.923004298596,193.7185764682281,15.795415587473205,14.17405151402819
571.4968823544834,194.23085418904563,15.874308760061073,14.08319126949854
576.2654319659415,194.13349457181096,16.275565936680938,14.10486015997755
581.6998286107124,194.46845317831293,16.57979300999329,14.16022299343662
589.0659360997055,193.2153637766297,16.663231832971384,14.287232809528932
596.1723877848666,193.5926192779935,16.607452028322953,14.405297268665779
603.1590162806831,193.8548291537212,16.689264960090863,14.508358858572393
608.6723923803322,193.7459694132655,16.976692181263854,14.738497105989754
611.1159205783434,193.55374063439768,16.743795331139737,15.328043368549876
624.9565212993336,193.59990958075983,17.3468994616692,15.262826168481011
634.4548704029174,193.27602409148733,17.936981802597323,15.242116750755242
642.6360775400204,193.38113481395254,18.51851627411877,15.172275852275435
653.1572740468157,193.7727827854657,19.051963256866202,14.877668348379942
661.8242210519771,194.16472438978317,19.996071031821764,14.041599108850432
670.9661595456301,194.5150227900816,20.74528082124898,13.492285021070808
672.5137344090822,194.8149591831461,19.15691469896678,15.54723434607154
682.7762867930587,195.32504000057278,18.626478891585137,16.3588686420806
695.1352275430065,193.13477305527883,18.07396451815431,16.856318235488363
703.6843815839022,190.77694455250673,17.323163913169633,17.788160095539954
703.2168725266522,189.7605348134449,17.31760028872078,17.142611720498962
702.9422658635043,196.53154958314667,17.19919873779255,17.236730633854204
702.9557515035045,199.64811493621363,17.033621237308335,17.629955575761098
703.1741429251955,199.65001730327123,16.97806302618963,18.21254992001502
705.5114070236905,197.4608731917569,15.33924230295451,19.66181392353073
704.5920777349205,205.12296646301613,15.570048540749852,19.084709137604065
706.8062384928613,203.0833104391559,14.710478360012367,19.831171682761074
706.4912284367578,200.18018655933605,14.079519535070396,19.97535584376793
703.8293156285806,210.47403669879296,15.075610681057316,18.456930467197875
704.8085855977121,220.7318504579561,15.34740168685552,17.670678788104944
704.2763892603072,227.84831665837248,15.616365608766301,17.378950458317156
703.7980060956781,233.83587534700933,15.761627216382788,18.170129467762184
706.6945088011578,237.52404997172772,15.13971288513545,18.724470983706276
704.6979160027739,238.21054083662622,15.347793015060459,18.343730517298884
704.7463568818577,245.35028488822672,15.484332373960235,17.94414048538695
689.0833390767561,240.09706302266767,17.57115404068199,16.53262309589954
686.771235918332,240.16715095088858,17.804265672929343,16.35666024938141
680.6965486841035,240.99694042447572,17.603125729460047,16.60559866289438
691.5058321106894,226.71624570429492,18.96024208856861,15.404039113387851
698.1034992706207,227.26164010821145,20.209035805205072,14.287626656196014
701.2084176833189,226.88489988369184,19.616308278514595,14.609423386077069
702.7320530466441,222.40680042653074,18.554077978118606,15.052245110763042
702.1247610187704,230.4579391021898,18.41572207052522,15.569760697677317
701.7627913263341,231.75940028710062,18.249308371787308,15.700168339223517
704.3094513684289,232.2305143384783,17.6106611010133,16.067363683123443
702.1887714883454,241.68956600417079,17.464764238865676,16.731003592094886
704.8722049956937,244.62962811024633,16.636773757677474,18.064191528991692
