160.5,83.5,56,65
166.04442951015108,80.15132749243504,55.09754997627989,66.38370728167044
174.40587050086438,77.54163235607524,54.89323031174778,66.60141241187297
176.75964255595915,75.33379886665679,54.568105787739896,68.29144076270387
180.18562884177246,72.6048009584063,55.68011818239135,68.79545231864577
184.28765091482336,69.5412811454678,56.21994286410941,71.22172991106024
184.06674343197818,64.43389876818574,59.388443830623686,70.40176089334655
168.16043757319858,51.070076624039515,62.27025034188412,68.14674107336262
159.5405211113744,46.5286692853489,64.17793375991724,66.4165064343376
151.27451024451196,45.31306198369377,64.77913598222852,66.88462179639114
144.01672842171666,57.40092360154655,65.45315547651296,67.04349328724808
139.64509203287594,64.76187829023331,66.44988484675423,67.68913571346344
137.10835057964374,68.81817903683844,67.05729090232748,68.02086825040453
135.53128382265388,73.82108070925455,67.51437861323717,68.1860606178526
136.05199751723066,85.05902012976762,67.73173802160711,68.12278324777374
140.65635333231563,87.71372583028997,68.4877051557804,68.19186372523855
149.5215378220371,88.4029455728049,68.61409620136192,69.81013573274716
169.41111631287913,85.62066759108421,69.99945185395521,71.16665527345903
179.94892549068356,85.65850251625157,71.70621837078286,71.5746313391094
176.2181502620502,82.53488911441227,73.30722271598901,72.56934902566154
173.1862326086591,80.34807695785028,74.0900802967885,73.64870020073927
168.92372494268187,80.0569736863299,74.17436553383334,75.13467248179043
159.97633401126257,76.12569450549387,74.22756033002153,75.54394944087461
151.9039654543866,73.97192032259971,73.02080933037017,76.95789185916838
132.02598577475706,79.09154362731786,73.06610966252966,76.01662078989324
134.05311655010792,82.19065045925089,75.16785540171443,75.96696717317685
156.29580215217942,79.16078705019908,76.43172888751278,77.35945194110955
179.07739790063812,76.61791013837131,74.90571924484344,78.52440102576666
187.10998421468136,77.68903034671708,73.25076676293617,79.08364528925094
198.60921442303191,86.86253650556343,76.389892939863,78.6269070194098
197.6186019915834,87.14722624084402,78.80700609316528,78.2346754588475
194.7359487429198,82.65125056848898,79.5319473713763,79.60222809521409
192.87586249749145,76.26201076546437,79.85388644853668,81.50012966018663
205.11809746107406,70.01188855837114,81.3082497580658,83.42117905179009
212.597174502596,64.7065468662912,81.78769771817379,84.1900569778811
216.90864233257872,66.6278007451594,82.50459531779084,84.42345645052191
212.0104057170133,76.85334614714515,81.19754624820149,83.7636654664967
216.5521188624823,81.2421275510873,78.93526978331329,83.83313806663244
213.94691750408657,86.92986839218571,79.85073631998998,83.17551088425252
207.45955250213385,87.34438858494332,79.97974126438619,85.1858166691627
197.94182209505976,72.36638041663872,80.58833173246501,85.36194676004436
131.63443199385605,45.442462569999584,89.07338171026305,77.73277744843982
105.65922080478259,46.508013595552725,96.32006110745294,71.86525738852922
106.29231199894734,54.68277678159461,89.08900159052237,77.72457806234388
96.93545994047261,56.384150001248116,87.04651063911244,80.88607493968726
64.56035492597483,99.79684374863693,84.46799294594004,80.84164752791744
68.62774038062159,95.5108932004375,83.76993716268414,80.87848011235344
98.00551651201695,68.08800953080228,82.13809553221763,85.80952882369418
123.26207798205105,45.16135568192357,87.67929006651465,86.10465094405902
157.16036840142854,41.51896593922369,96.60293933029874,76.97622242164627
164.69187511220872,36.57300438956773,100.27996001213197,70.96817451265741
167.87757179130426,41.82541407373481,97.47225469372052,68.89285095578565
185.98158595141535,59.62965885817911,94.75398009664285,68.48230602801033
186.04380128692515,67.38409123854996,93.73999140836938,67.08465590502499
188.6949470760165,76.03141450341278,88.47004978920256,68.0205506045474
190.50216409880153,80.05287045467715,87.08505500220792,64.97370861016074
202.31778782790116,72.89955574208557,87.94845552374497,62.02089284491423
214.8883629154818,72.65847056767878,89.94694997138645,59.80460786001807
224.69962951076627,73.2673474748493,89.73142781292198,59.24079126625046
227.70331143794888,75.75805132500928,89.18628176632656,58.85840786173739
220.9987700688588,77.11102615167337,89.13692753856435,57.9720977719697
190.1591581404158,86.23053704651305,84.43392635882925,63.68729389305693
179.35562637889134,99.68193246433421,80.49564457548165,67.87382800858647
166.612619841958,135.43006172443935,77.64206948406515,72.38399343857151
164.75863604651454,144.0357860238546,76.43502948370454,76.4726280001414
158.273537934285,124.04101803912383,75.33566565719923,79.27172665270842
152.72479349848282,115.48733607878229,76.16548580474351,81.18177154262978
132.96583961181128,86.63912798414628,76.36189852193428,83.15261323849359
123.59752914805087,69.02171465165523,76.07393372557814,84.27155702994052
118.31430476214021,58.543317380302184,76.61037608870805,84.51594922889663
129.2445493046002,63.1848735307396,75.2591796063271,87.37500306571711
143.81643883013828,67.45968141458184,75.20574212324416,89.03610354559123
148.525545138561,70.0643682789671,72.6485109707847,90.24917272987614
150.69441514569635,62.44982520912786,70.40389010095369,93.00967480888566
151.7811941142399,52.17163991426905,70.28619745164733,95.11145364750465
167.91566766697775,42.05905926068842,72.12276105784153,93.43527828474403
189.20374509813146,54.80733320714475,72.56933797654,92.15131965574739
197.9832372567636,61.782548874248526,73.38081607687826,90.26165358795829
195.0636661313025,64.21787621508747,70.85509302476092,87.60746819415272
171.5757711480578,75.39341354680874,72.29823299735384,86.37649164472384
130.86582064011756,70.3682594743781,72.13577469926945,86.63907147995377
150.16707083059052,65.59753762554912,73.460814143763,86.44716537750188
177.45514303890306,52.255456400172264,77.8324350774797,83.75934143909544
164.89100358010538,58.495645956361074,77.6573063260077,84.99763317174956
101.99632785687658,112.7270339619571,80.03148901025828,87.31638944815515
113.54091649523413,118.36457664799437,84.41739031630684,91.60244509017974
152.2556454485502,121.20759875270734,88.3725835937567,96.63638684266786
163.2409191785336,118.55979023113035,89.8827719125985,102.15377768905594
188.6804076020492,104.46545750664303,91.746695913956,104.69053426351886
169.51567445508252,81.14290331641999,93.58603845911004,107.70198709586924
155.96810280111114,59.95309126885813,95.60922703987994,107.1726489412371
128.78398627981736,43.615664462546626,99.1489383539519,105.26112636367456
104.43243572150428,42.38905252032808,98.22990430822455,103.16667654587167
106.0193986407898,45.091171242726325,96.0271032975153,103.32205948147678
104.625625954106,46.32804098913477,92.27434734794589,105.0656666569033
108.66826211237156,51.83429822633363,89.09102252973628,103.35468015949533
114.27268924417326,72.7171915116794,86.91212508375983,100.58242767693854
118.57888028653598,79.20150432280035,84.53030568595457,98.03484926539002
126.61523741748196,78.30920511061001,82.37875975139414,100.0558185214987
147.09111659559423,54.584471666879864,79.16983357900749,100.89961829470116
164.87436692501484,47.977956096055614,79.1966671181643,98.37049531495073
171.53052657695844,46.88773678302073,76.16111459131572,98.1067544061084
169.7498463507061,47.662770105309875,73.1427106776705,94.93589441893977
165.21958126567552,54.578009091937126,70.92443130030732,89.62647738928878
160.6287663064993,63.239758977105396,68.71174359170666,86.21890169121787
158.30970179086165,68.99956371206778,66.94251254607765,83.2496719744059
154.1266487368078,76.51085464467883,65.59191619294266,81.69243835289718
151.81243544837346,82.25279724979754,64.00154794711845,80.56729490291364
155.9222287378646,82.10196306173327,63.16910450320698,78.6684747116899
165.92213248963333,77.2916047811025,63.322724123692986,79.0134392053855
185.1157374803576,72.46753314149458,65.81793372842608,79.32547523057305
214.22201328997286,70.30109956938864,67.51341738751587,78.94880391500708
233.8110565422218,72.99046440156125,68.7425460014262,77.14106862779809
