134.5,55.5,60,88
133.2797567811491,55.212294044185455,59.35830164613685,90.36624157013739
133.57124776291477,55.96141217778349,59.28249769116192,92.10371115544987
132.79011676640556,54.25918745885661,59.455913405989676,93.47742939213175
132.78928062652182,54.6653970109449,59.40865854626631,93.65942443867004
133.92180987775708,54.61134249693422,59.40469413711853,93.92200681614342
133.52021806125475,54.481929552355716,59.439464047608105,94.22610915343104
133.30155990189667,53.727385891363895,59.44656062664877,94.66428411426966
133.27469867743275,54.59465731751564,59.54577917799908,94.72665059424156
132.8023588111586,54.81488060742272,59.77531958111391,94.71106982649061
133.58790560882733,53.606414812477745,59.79281040884169,94.89654394453304
133.08239358266087,55.88262403022965,59.551541470490086,94.32827782607635
133.75892883913605,55.605339137291395,60.15805221345252,94.84399991591675
136.08615470899855,57.02856813879263,60.23000895532539,94.58118105781175
137.53763500457416,56.88915815740896,60.19199401427488,94.45554303422426
136.07323652334833,56.61242050628945,59.872620839321165,94.27706149690181
134.3062372065936,56.3668754325474,59.607054396002596,94.1961497103344
129.71544249164546,55.546170425837,59.02862738455365,93.23467590798982
123.43524436217002,55.27847334636995,58.913876586924935,92.82297461318475
117.9548591434251,54.97394570264886,58.58345687701489,92.52019309766749
113.81480410049969,55.19285662475057,57.805445281652354,91.84580223629222
106.90750322213124,56.06572711495856,57.05848450024226,91.37799926418464
99.56003296738534,56.07734084084926,57.06830728817645,91.26853821142916
94.21061465238598,59.354694138314734,57.2780396472401,91.60206194028972
86.11053107699009,62.919359026807015,61.20508401055631,89.06271705710398
81.66754787084822,66.9506870954006,64.03666571443549,88.69030273357649
79.1373913375707,70.01061147722879,65.86536538339226,88.46888241001407
78.55813221526384,74.14319121975387,67.63713984405518,89.34198948837944
77.56558416487076,78.37891592552299,68.78505187330052,89.35998480950724
78.39990746288434,82.62574691837071,69.22186615946023,89.12171489839676
80.3011113907319,86.7846621142418,69.82036009819872,88.43491506619436
83.24504972534947,87.49873902522421,70.10987591172113,88.22626428931164
86.0064484771663,87.65954908695782,70.6350825584781,88.0820675536103
90.06594328547791,88.65188293176979,71.03570048580018,87.94600764253556
96.77787820573838,91.00458036784761,71.44458191938816,87.34461524611845
104.57524171725744,91.08221399340667,71.83822006968987,87.2315051942341
113.19407229699178,91.12237386247182,73.7106319998208,85.68710464555691
121.25214612577581,93.45116698615526,73.19319726339532,85.13861540212682
127.05184633240488,92.7817604736504,72.52143299668259,84.79649280587496
132.86521917689083,96.59537960972091,71.92060149991039,83.93278335758646
138.53520773646477,99.54624347728459,71.26051978176346,83.15848701512877
143.64599022284443,101.83961194012923,70.73629482060088,82.5553845613328
148.66296967484925,103.83909996572615,70.47618635757024,82.1559537505412
150.1438004255194,103.12152338564783,70.45305387081733,81.99415900229633
150.20967503729005,102.60908121906581,70.11331653411109,81.74995828583114
151.0390484202004,103.39404073267559,69.64893205104337,81.64176723541061
150.71822209988855,102.99366849882497,69.3783488356109,81.50646605644435
151.2090785056244,102.41306186705302,69.24532784523748,81.69135780156712
151.39370987947737,100.76807362439652,69.37792655058792,82.12954695816
150.27905516523634,99.63837031428307,69.39624078177384,82.43725098362985
150.48753312692924,95.18321661950722,69.62151519028579,82.77121292945594
150.64645008143123,91.88039163389179,69.85592588491569,83.39053668303544
151.49072727117112,89.9499926341793,70.05379902714148,83.67490340804635
153.78522199178641,90.99532633625162,70.18312614093412,83.6059885998032
153.78425659724735,88.23364347728665,70.55472159904909,83.84271033579955
152.1877393623293,87.44999079897238,70.49363309639683,83.49584089727733
149.6759467893869,85.87296588700704,70.0950571399867,83.29072052276746
142.81511387059288,82.55336683038482,70.19570552152003,83.57696567885858
134.10203317054874,78.19544489834144,70.79885552329287,83.92747598581646
124.95419915169009,74.51921776714337,71.7996474623774,84.91196454997039
115.39019772110161,75.86460056525237,71.59621225897914,85.86483994877801
108.43955416517424,75.0292477920053,71.53336420085097,86.1226475508218
99.51193790972879,72.87441620630938,71.87796324311395,86.80437626634203
91.01020623736694,70.94171540762719,72.66922260834545,87.03090500184425
86.33886923851486,71.73803967874893,73.09653043325909,87.44231243646843
85.52356711197123,72.91895709599119,72.34116695487052,88.22852433393277
86.00721619609254,75.82888980778321,71.96723850899423,87.24161760862143
86.32684994685863,77.6554007386699,71.6615391632276,86.65950643906302
89.12696708723101,78.8366769227957,71.42802126737053,86.43741766143336
94.79905459132902,80.74497571647831,71.15295903688444,86.43406513212784
101.43577789504107,80.06188584084599,71.08200895808586,86.56216271290603
108.36895110940398,80.16530558963808,71.0879741214621,86.18000564475473
114.19637944756582,80.47771219301667,71.00216918769212,85.98625081502504
118.26390925845669,80.79429774306826,70.97472885149388,85.2027299042024
123.48065068388351,79.7302262502697,70.96306378018126,85.1205595696396
129.29660599790674,79.0769130872965,70.69425415768897,85.58128011479374
134.23057302346666,78.24832358536457,70.9892887421282,85.43710780983496
137.55787199646443,80.1385501945032,71.17002509712755,84.18236016750072
138.88191307931825,80.81486550741054,71.23139460683495,83.62747894182488
140.16106473038005,81.15308070882358,71.24762548249151,83.14331358762189
140.63842427877637,84.71887698427109,70.53721254769854,82.57092466145221
140.48474011490393,88.77364373613726,69.96361659626864,82.74850911578872
143.0149474224789,93.8568535181301,69.47306911521292,83.26847566020149
142.96086911635763,97.6522579990837,69.37364431168304,82.84950450499593
140.7439169969481,99.22756134358546,69.62601855172285,82.53702447538572
135.93130064194384,100.48903707411719,70.12646011640666,82.54459488398167
130.47423963662175,99.57892441675057,70.44188827939455,82.63148124665041
122.81511027409655,98.66477444686674,71.17509356053627,83.24821604950859
115.31152812220523,101.12417080077016,71.6619417403565,83.57187977785898
108.69757141712489,99.88278117372086,72.24088740759726,83.95150437268634
104.94882587224423,96.0026643705969,73.08975646137836,84.36269794750115
102.48788563373738,87.98173261472468,72.71827718192233,84.56272834462156
101.82345090596968,79.92469373998394,72.30708857299696,85.08679831212064
102.69127800191825,77.60243050252674,72.18861282119384,84.63088666905406
103.95150999128279,77.2323257948938,72.24118646682388,84.88300702949704
107.11445420734873,77.89522645799188,71.79623084261438,85.11824038271371
109.3064050993494,77.9802365518591,71.4382375287668,85.48237812678394
115.70670728582816,76.16432425381285,70.94012434385863,86.39982865747727
122.16981341598303,75.72464545883818,70.75082671825348,86.789593367416
129.53854667576945,76.30346511885718,70.79363840455224,87.12022468775123
136.68249363102612,75.80083306307745,70.7326522241414,86.806415241457
141.19896988473806,74.10765165477329,71.12082798972781,85.98396343709362
143.16152385948743,73.31049177332483,70.94889267626117,85.20181621047334
145.10477937983129,74.55297725271748,70.79598558988863,84.47359118617442
148.62075799243235,81.40537857207713,69.779455954103,84.45692846292144
147.18820436450847,82.80359642862612,70.2868430733083,83.42861172737014
142.49266944568495,81.90131998368093,71.01789780475416,83.35361821337561
138.56794128795778,82.10636265661495,71.06873008151224,83.29767618902173
130.8101945644898,78.51617656498556,71.71571614319427,84.25859360696069
122.04120783690375,79.33862918923764,71.72512323789275,84.03771544376079
115.62742320141943,82.14742122263353,71.64354524628814,83.89344232438722
110.19614119746657,84.81098224464304,71.62222768528518,84.06169257574781
108.53618365248447,90.507797945318,71.95461182851781,83.92760650063082
107.66737649630971,93.4862136485733,71.39388200558291,83.58992668637487
109.60162709060393,96.00749618628011,71.09980889850692,83.34854340417414
111.82691869932066,98.36439684944298,70.85035225654343,83.27751665975758
117.97006633187594,99.49751767022593,70.91989290604468,84.17018839213881
124.98448574239727,100.87944608145068,70.78988068412312,84.91387584878784
131.3990852279496,103.52089303449132,70.93154314795497,85.26832773356958
134.75450837342046,104.03707877694384,71.1073192859073,84.91334879102675
138.36724094502932,102.06563650087995,71.5789976973771,84.5146105137173
139.385518595099,96.7408206199163,71.78557570374102,84.13996840326908
139.7450698051089,91.68503560571666,71.96930734152913,83.57826343777188
139.9944357179212,87.54400765322234,71.9633801027919,83.28775426402518
140.12894862398824,81.91233793733889,72.12237441032488,82.88946401897323
140.59439302886028,80.38976079111266,72.29263003360235,82.78670390178823
140.8022700282165,76.08695452597891,72.19812680140564,82.53903445726326
142.70714091457882,75.28301443504546,72.65121290191097,82.37724188770348
144.0655597725921,75.46577879732406,72.62375416270628,82.44916127730298
143.61034863111018,73.00261611617665,72.58988306588651,81.92347553119936
140.53533012996996,73.83785025104807,72.6745986227019,81.58175131529717
138.74511497487256,71.78682140944694,72.63471648058037,81.82124729577114
132.27493018187369,70.7195863987225,72.91852326140236,82.34898435270433
124.3452730769645,68.09895115669437,73.35982199117922,82.90246491976843
115.51969693442456,67.21357787003876,74.4597447993304,83.94843760926007
105.91666874750662,63.89856689415514,75.50183785529518,84.23886805788399
99.1415260354311,61.62646987946775,75.93947622286665,84.11220751877732
91.50667130380447,62.221925048896566,74.69111737252125,83.67442755625865
88.39858905820944,68.94711205213997,74.76693390610022,84.05837075710828
85.8652857253879,74.12761647015671,74.80086721282606,84.5868415582208
86.77741046119723,75.0333758116038,74.17276518307142,86.49804945880743
90.05485393841175,76.58370236055546,73.96116760394756,87.86680630353105
91.7117476578841,76.23031587749507,73.91585545911602,88.43812391460366
97.1325393150238,79.7101613357091,73.0720853696291,88.3313635439825
104.12810762753534,80.70259409435134,72.71273223001862,88.27243877872743
112.93384470922891,82.10565235837723,72.4385516915094,87.83180458099793
121.54216043189048,82.28093252612149,72.2968904915476,87.89090041253975
127.78562604735973,82.47327737371533,72.20515522160765,87.66669324317755
131.05310005796753,82.87252016856706,72.50663679633934,86.92610400305318
133.27496518576237,81.87019147868429,72.64318732154184,86.38126210951854
134.11683642285152,80.14919026871252,72.9504998591128,85.56710951542401
135.77444688225881,77.45956954762599,73.17002534876073,85.31351461573917
137.81933912094894,76.15478371371832,72.97762289233081,84.60784137045331
138.4158009254454,75.76811003477494,72.90476568768057,84.33471987438956
138.4290235654992,76.63494516147517,72.71402656704544,83.7364714931281
136.1990161470153,75.9528382906836,72.7987481491609,83.49232148711448
130.5369332034706,74.28378969558757,72.15346022460486,83.61909327027834
123.10959169651065,70.41227984906268,71.97945099304134,84.2578777910564
114.56294460292374,70.77634370982793,71.8780811787503,84.36939259424513
107.17154261400516,68.71309204831158,71.35694533725152,84.5814686368518
103.11041014649615,68.57133542529266,70.66644419713526,84.63210465820589
96.57385574212496,67.06715587561833,69.98274186390987,84.10003035072472
89.38190185721203,67.90368674412278,69.21983433374795,84.20391933068818
83.69931065196447,73.20306413904166,69.41662456284658,85.13592435225178
81.04343742232808,82.55324038206666,69.844966767206,85.97309132115782
80.67987653573282,85.25020479410139,69.34625536283002,86.63803901152318
81.14995055741262,91.14311824616907,68.64788308548546,87.3957950236476
84.16370730744606,95.10743021351556,68.66457620468128,88.12279357125442
87.08038893049114,95.66489646364478,68.7977704613377,89.63057153738086
93.54139570081355,98.78091226681269,68.7380854500508,89.96433630631971
102.76701117809522,99.34224035717696,69.32570337244059,89.98005707680882
107.5516817938718,99.91978072215358,70.113526523822,89.4397303084187
114.36682713436186,99.73396760436488,70.64795828546883,89.57116708109592
122.65268155603559,97.70825725626304,71.01273282530009,90.30831823460551
132.31652461261132,97.7878417555971,70.7837539112453,90.0554160518978
137.070064494272,96.12473880724991,70.77740561612461,89.19309007298183
141.20259866432835,92.432585442096,70.6031680789294,88.29796164551377
143.2854449693231,91.17240736582929,70.94933536273874,87.50811400738252
144.4322688198587,90.3483091164563,71.12159976532047,86.98020882155815
144.14241805601512,86.47427881686532,70.82101531469041,86.48766883480263
145.72870236956405,81.393971693646,71.01508630169774,86.09055336017195
146.68422497771328,77.96231831948506,71.51724337116586,85.36495906555557
149.08942143454829,76.5867732584025,71.5603889706795,85.00469483667699
150.40363031100497,76.17856536022349,71.61975183643366,84.57257690729651
150.30799835370976,77.05795728758866,71.4205152353247,83.93583332432519
147.8059490893642,76.35809133971188,71.92164402219458,82.94328845616275
144.49686805154215,76.4452790499955,71.69832012066583,82.22002536555536
139.82969094082875,73.86858123017196,71.96169140904817,82.39402370829694
132.4851846283202,71.07970050282654,72.8121572811356,82.2549811354304
128.41736421825516,71.75472748277477,72.67847761328957,81.82729862262029
122.68637483626053,70.55708329970501,72.77273672701031,81.07876193459109
115.86529498477769,70.72909082763567,73.21419471641397,81.6547393256292
109.40013766434893,68.0967789740161,74.1654663503745,82.01874066500943
103.40405649998517,66.71745020464095,74.67388119680223,81.8843935479217
99.42773701600453,66.04829714202785,74.64237547711093,82.42195835825994
92.97003782946976,66.01494005182079,74.27060439369855,82.57623109129683
87.03696021015148,65.97818831845109,73.91456686805286,82.93054500358335
83.15117310380924,66.44748238450326,73.07926375377201,84.49269573065564
81.87078124068519,70.93090939573318,72.9290279640289,85.28311824322998
80.9276624116706,75.32890740296838,72.85773679248351,85.48294227423077
79.99478939038427,76.05215614741385,72.35438727116761,86.16280687068223
80.36558230429229,80.78246203352677,72.33205295683271,86.17003052478697
82.47268239721724,84.22091367392545,72.35863646238906,86.0079290323197
85.63880644445946,84.8780227703779,71.88053198744197,87.00978258814831
90.53615089618718,85.6332869207638,71.62868594897677,87.83866840709697
98.30492881852513,83.99034051671576,71.28893074059236,87.4045623786757
103.34407533617767,84.54255540464462,71.57601894613202,87.57586833871126
110.3952832073085,85.62332362602933,71.95171447096023,87.3943990298453
119.0363980179238,84.71859098299495,71.70184111193663,87.35316357986822
125.87553231834016,86.01228897682881,71.69743306103067,87.67961837650226
131.79851501252395,86.86492938696664,72.29084259636915,87.24168358073987
135.11968168285514,88.41886597027805,72.52469324237057,86.26936019782372
136.8950683981227,87.84631815446123,72.7175695329811,85.63387483199031
138.1423902613986,87.74457153198877,72.65995039978257,84.77020556320232
138.18802977822799,84.32238265857119,72.34630895212138,84.31614428415858
138.0949229697075,79.24014128645453,72.28213379786676,83.74108215992266
139.6932548679522,78.09532213101464,72.14235548225813,83.78019070471967
141.2579392345199,79.90265034779077,71.42909559578716,83.62105776207319
141.7923279197258,79.3403064974602,70.91016421889418,83.50819472726066
138.94069449167952,77.79288755067702,70.3248415974477,83.41650513021118
134.09684188202834,76.30313677320432,70.61988000003859,83.35862074460485
127.96667560378486,75.31372047815024,71.04329944769991,83.38287290849686
119.31224171333258,72.1256663635979,71.52451334371678,83.83246889623804
114.27511276095528,73.64677375629876,72.38249507964812,83.20838856174879
108.87524382105462,74.3243272247709,73.02729140061156,82.52467859555341
103.43184412717143,75.79964745237766,73.10244432689112,81.77390062050345
97.82456493265701,74.71550380130414,73.23636955246779,81.58611764257543
94.3323171803434,74.72580737805296,73.51892404375886,81.43766864392302
90.98253088900734,75.43916583424118,73.47346956115388,81.86787900720422
90.94544697641939,74.65961984724413,73.32263736248791,82.46059872968773
89.99615805079725,74.12148288506074,73.60618051429219,82.89964613208564
91.66575143444523,75.21337034128598,73.95493768239052,83.53711069107071
93.900193757182,75.74021388720044,73.94210581706834,84.14141775035722
96.90741787822282,75.47755765337229,74.287645310735,83.98017244823814
101.08348728428007,76.00996814117329,74.77195612172841,84.01188357903567
104.26043740099689,76.66465740073275,75.36862265694099,83.5589827973435
108.97181854852514,76.25940644249215,75.79341838342991,83.765070668014
115.0774266602545,74.07272400947829,76.12419530114552,83.98743026594478
121.48575719576053,73.8499012544141,76.70324326791422,83.9660233461587
126.27075932899314,74.63125155010806,77.74374505918826,83.71015781012204
131.5064068802502,75.6044064735366,77.67639015747974,83.40852107231953
134.0060321234854,76.78544013096123,77.63977471129262,82.7731310560161
136.97006786584868,78.59190905970058,77.09868852853747,82.76266884169534
138.65263922945348,83.45917569319018,76.14978339402498,83.2682202228485
142.37251464263733,92.9418245686029,76.24714575735456,83.73669360544591
141.43753404020387,97.78994962207409,75.85982470514142,82.82057579220469
137.07619864187387,98.03707894037369,76.01913242654507,82.1868884357273
132.98333281399096,97.60490520585842,75.92609172818494,82.01378559118972
125.9018859708015,99.78208440601594,76.71450802808923,81.4512045632349
115.92893798997464,101.19791891599226,77.05398728747244,81.59488067801739
105.93636513685678,100.20168273361008,76.98752776909879,82.46966522139348
99.28992472465276,100.31148785251776,76.27489826330661,82.47012525626222
97.74321310894166,98.46241778139893,75.68272884336164,83.16166215753309
94.32805343659652,93.85404910225321,75.30990316089128,83.2947975642254
93.48611125230651,89.44894434271349,75.30083751917161,83.06106272447917
92.68819815190112,87.33148488334038,75.49117272552897,82.21927237274811
92.72500329716878,84.4924396105884,75.45964921133961,82.1655714219752
92.0098497007817,80.74348859053715,75.2317952407837,82.46128687760503
92.21405285857874,79.00216004014139,74.82472519031214,83.07762956723323
91.98888659601282,75.9800212625972,74.98760835555018,82.9961508585887
94.16893879905075,75.90462535720167,74.95390279896161,83.49435191773183
96.79344826342435,75.03906994447262,74.95903139981647,83.49727065220176
100.17138051298869,74.24010328261453,74.29412692647513,83.42778883385861
106.02533717672517,72.0099267822675,73.53782702521067,84.02249881010809
110.62449587659474,71.16451592532141,73.04167046073766,84.42899051358616
117.21417455613123,70.72775772953194,73.00683290757289,85.26293965440667
124.47990724109185,68.72479751340569,72.3858766471487,85.67871592924949
130.01276655975312,68.31295958035986,72.61865520983837,85.22896001738707
134.0949029251894,70.24547953050836,72.39617639757546,84.8313335425356
136.99483027382854,70.38134625777617,72.58036196061212,84.34850594699353
138.80181312790586,71.0530419561295,72.69917003328024,83.73631476848755
140.1170909814916,72.32856411497957,72.58526762544041,83.34903158970343
142.62897740500185,69.91292622917447,72.80908484342234,83.48236939592057
142.81937182765992,68.8131968340632,72.60456907583257,82.91543667041128
142.63240991325043,67.69392273885245,72.40168171023168,82.92241652434598
144.39746330776535,67.88980529662516,73.36572079141061,83.15663828290413
144.58558715220732,68.59095728258825,72.88519177390808,83.46316788622663
144.57765128195223,66.26224982258118,72.38866145677058,83.44826625503228
141.7744594147121,64.86631252766352,72.68134642263512,82.85063641218939
137.89582721462486,66.90621515092104,72.50388220037307,82.10776382482351
132.9246996055109,65.33258037584397,72.34465407356922,82.45118391628317
127.99700958174074,64.88236939742615,72.43678281648312,82.24521921158932
121.633396068963,62.49226506573441,72.10264757549808,83.04352265303369
113.89776112917096,63.50299111910477,72.13347823083897,83.92829265131921
107.64584436584583,64.24187526616048,72.01294976560692,84.26051309431412
100.303808127396,62.95938127993771,71.64065913673265,84.59579144151552
94.12779297392684,62.68721339573038,71.87103302582429,84.55760088375067
90.2576275104788,62.85760245281488,71.96003157433293,84.37624971204936
85.43438870789727,61.658249832442806,71.99092575969618,84.07212940652886
82.76779954586227,60.67344286412573,71.24240805028839,83.80336314945268
82.12581832925493,60.87579076075583,71.2077359734628,83.70636471193971
81.02640471049887,60.59475822793706,71.0554892306435,83.61436989064488
81.13019054770777,61.152849026049964,71.32367470806783,83.70418015862347
80.81197848665158,61.79393757612847,71.84746656300308,83.54763653663113
82.14600044962616,63.42280359862999,71.89800860507151,83.19933118077604
84.73310533337937,63.97081107233977,72.39877280225623,83.25873749037552
89.98110226985094,64.43918103553133,73.39117271288245,83.47737876669014
97.15984488991477,64.1063039627934,74.19756114524014,83.49761317873705
106.38576030436471,63.036733615600966,74.46559992998773,83.57932694364806
112.25942273657836,61.59514890745337,74.57466887964733,83.84182604133973
121.01665320853682,60.1930041738397,74.908468815247,84.11209818411945
129.36065985203805,61.12020710072412,74.87314069364984,84.1393341951272
135.33671493634245,63.1869469604582,74.99400854475536,83.38146458880297
138.53294402538108,66.84699221905345,75.24860885361656,83.12102306224358
140.17867126664828,74.56504262863642,74.87200079137028,83.69998457523096
143.15157977040437,81.99068325532492,75.14752539381296,83.89049714509613
143.3063195235547,92.918189449587,75.26290433840185,83.14760633860321
143.2130857448511,101.61164134818027,74.88343956233966,82.37622683340888
138.77335936081883,105.53461797698068,74.637734974142,81.67034639837885
131.29993609096778,106.73371113925958,74.97269930406631,81.02291144997311
125.0949529585677,108.67584336464765,75.31605809358567,80.31113306601522
114.23527021649244,109.0939573911664,76.1658824095233,80.17138963831721
102.63353853423867,109.15570762633737,76.72855864939706,80.33517533035166
87.35895413339296,110.63595124690602,76.41506036734826,80.26802200111014
80.73504338220873,108.23570355417695,75.43012716238027,80.54203766549894
75.84267120353212,100.5200056550625,74.87286483638387,81.43007561460672
75.16650096962347,94.8940631918899,74.07313049035841,81.76530404681132
74.6328776473806,87.24521033026676,73.70821437315593,82.00009778275292
75.05841495598558,82.63872712368712,73.54062311814383,82.58061218480378
77.67980510014817,79.6439838970646,73.56566366493217,83.67788147877759
82.39604236462301,76.64073224041286,74.17065613885114,84.55332609914892
89.90542277709153,76.00219725828516,75.19121149128227,84.22396553285623
95.89783715171666,74.76912583230214,75.94529723177811,84.21915396663991
105.33541252877015,76.0798841455796,76.55751601502463,84.09759561683364
117.16410473313383,75.24089057487001,76.67198982162932,84.39300235873957
126.98235336984271,76.02710389066638,77.44617713378284,84.12719537131187
136.56099548047,75.56724436177316,77.47969834770888,83.3863485759794
142.12305575193906,75.59650082272371,77.41602168294462,82.88596827274401
144.43055523546994,74.49816709157997,77.03442401440583,82.29942188119543
146.99285492565144,76.62446747427072,76.3350680117284,82.37800454934667
148.3386569131749,84.38035922507629,75.9418136555932,83.19760189185172
149.23690294118757,92.50484068420852,75.40537797602508,83.06303411518883
145.82560727428555,94.25477972345745,74.60458721830692,82.13714924271514
140.45078474900822,96.84154679429537,74.14960237079023,81.80520884340991
134.9457266407636,96.64272073031971,73.76047332513349,81.95814224091154
126.00800247610326,95.97292971049525,74.0255300376329,81.97036126633927
116.68355266627991,95.6697058481243,74.47154116851007,82.18617928231426
108.71528622838963,96.11058772860137,75.01115002543077,82.04017030928199
102.6054531080061,96.3751657936164,74.83247794832673,81.74395260300471
98.82236786113067,95.64500700560657,74.417668522644,82.0122144768149
95.64289404471774,90.37631269650225,74.23678213294791,82.8589721822428
95.14366499652294,86.97865802483747,74.26049143907333,82.61557522292951
96.21257846818575,85.30566191849007,74.0467576229984,82.49077108895989
96.74304455092128,81.5013638494579,73.41241211528987,83.03234347290436
100.60907537222911,78.0472395114297,73.21478479121669,83.49833951300496
103.69982861741586,76.32000619631191,73.41889317282195,83.80209532208879
109.45743522138777,75.05396326889141,74.41559040341573,83.2695909612468
117.80613778608662,73.7344711323214,75.01163658322213,83.49789541718712
127.49762955841439,73.59326101491992,75.22485779625703,83.1524258996021
134.55939023867998,72.55356845815214,76.00395484392898,82.20644899836714
140.11492385403676,73.51533148445712,75.93948795501225,81.01343407465961
142.08195749352853,73.44725987223389,75.56128596380947,80.50203279589411
144.28385146840574,77.28332114291904,74.73592723616201,81.00471780304676
143.85773580631934,83.87107003835226,74.67423839622653,80.39364071225356
139.58420760020903,84.26546839394777,74.86862986093738,80.09945320797742
132.6730122554447,84.0823616525727,75.06940418694069,80.64167645003447
124.33947502894043,84.63011275440955,75.69218428264941,80.68410833506775
117.79172152633703,84.83158304906254,76.53179376588353,80.85592561977377
108.63378743807344,80.83577398196562,76.48100277798201,82.72745803772007
101.23499749435767,79.87692672655447,75.65424451538914,83.28760133146318
94.02916029609113,77.02905135557535,75.02572153948569,84.51124752401347
88.86973821290096,76.74262668516658,74.89239819487972,84.16181351340963
85.26459475185811,78.23454666327461,74.72849907799446,84.32759552069454
84.30804942051643,78.96506332665038,73.54376016037084,85.02807433040239
82.93608038135358,81.6899527824529,72.97711273988672,86.26107663827975
83.23057172858597,86.63766605544737,73.19884429026443,85.76072207562824
84.08840379977147,87.40581271063348,73.59064732242346,85.67518555350978
88.16628999454949,88.99173948851958,74.4104980636658,85.12663135801284
90.99576267105206,90.1251922749842,74.87432158959741,84.55093295557006
98.90627567804245,90.52537470269061,75.35419126653461,84.39092130297706
106.56208767491903,90.86853799619173,75.20947935163886,84.29529790534784
116.55077315845773,90.18822105899558,75.11909225602142,85.06222296654968
125.22610509749762,90.94939295693675,74.94761424525119,85.29902586103599
132.35471773596026,92.15139287271631,74.80390291485915,84.43465000523067
134.55087395171236,90.81773420927787,74.43674030559004,84.16837477420043
138.19211248913462,90.32409916489625,73.55807850021577,84.04894348890971
139.84539567749584,85.48522970627593,72.80532295837796,83.994750719749
142.07493021286965,82.83061423612813,72.45034314773163,83.65791165653506
143.55800567534573,81.16645734335333,72.38516101283379,82.95500357547701
142.16727123565255,81.53489947804715,71.97487245165314,82.15503447276541
140.46131358892433,80.77824870892296,71.37899002706146,81.57367763622742
135.52671531200065,77.85231210513766,70.91062783457096,81.87025013121256
126.16799245726406,73.89036445633623,71.84236416294061,81.9777692195564
118.19839972900684,74.06927233335472,71.75820557953809,82.75970656877564
108.87195628151208,72.38884423453317,72.57814760453246,83.69100162826567
100.20995370651583,70.18455150468719,73.1897179858482,83.75762236627794
95.10234575285155,69.8737934841844,73.1791228885381,83.7126510115201
88.00632602259046,67.23733314635216,73.45641606457541,83.8614924597371
81.99182685210319,66.10614798641174,73.53303422519107,83.78369907188477
78.96372518279279,68.26884757060253,72.54149805804404,84.47331026040627
77.8882197680984,71.74882007017314,72.28441948809507,85.22769116611126
77.29344249616813,74.44444117795604,72.35832111314001,85.99439076878275
77.36881741336705,76.82936341990806,73.0377458440574,85.65397676965043
80.81047272888695,79.84906363357472,74.00171619217409,85.87381458542015
85.18995172784808,81.53683521026775,75.09939519528942,85.79280587684305
93.40958748431319,83.91783967873552,75.48466668162678,85.38529723363919
101.54823678925621,86.65614253468527,76.35241239852297,84.09276020154924
107.94340281673746,87.39674269384248,77.12702365715909,83.0339138065556
117.60227408998972,87.40597591425518,77.37879443157742,83.31413553902428
127.04256814577845,87.59625614751027,78.1658508207324,83.69798908494619
135.72729498556683,90.25518601730391,78.34353916996423,83.00043059200199
141.93902363113435,88.73732777265842,78.17098882310411,81.86395736876855
145.0287785143413,89.3726374573139,77.59021009764481,80.92742951380657
147.69893867655009,90.86607432513807,77.15253536114834,80.45546409190945
147.9425101822717,90.58028262257935,76.6360581156314,79.29287706016778
146.95885236886318,88.44114964021301,76.40685412918242,78.34918963287161
144.13540486318576,85.17650068584379,75.7612443530922,78.26229996913081
139.4189058684006,82.16345321380669,75.6060913645741,78.1652946324433
133.02173109720425,75.8903437497442,76.1529156918179,79.58665851906437
127.5449010626853,73.8087774506327,76.24904993535532,79.62791153965065
118.40986746242872,70.15646850563391,76.3149240206341,80.08052299425397
109.79954820987106,68.5903102489352,77.43824196910879,80.36253442723758
101.94707037012724,67.7892233155214,77.47738610990015,80.4918211356713
94.57942132830415,66.46217891991924,76.54132322400287,81.18223311661102
88.75867222012351,65.73770434567312,75.59508054223181,81.11427350026409
84.44873207185009,65.07041565856301,74.84815957687681,81.47248954016044
81.35867908866462,66.41182377528989,74.00781018283517,81.75968907094311
82.08884290294887,67.92716709393483,73.80561131651184,82.90833659731902
83.1224942946269,71.08583683790476,73.51694248529657,84.60693777557786
85.9027940998044,73.80150766476088,73.73327034610246,86.15712440403118
89.48102721787178,77.24850968035555,74.24130530015324,86.63993140036868
91.75134678609973,79.39874123538995,73.49619695974837,86.7175987262435
98.92767980762775,82.4137330770596,74.18008906793744,86.16328347323255
106.38895399034726,84.2249575652801,75.00248527494718,85.79339225130813
115.39026780584048,85.3389357649681,75.5673320091951,85.8565902365452
123.85294741830421,85.25942766977886,76.44270253585455,85.14632841321749
130.15500342530697,86.14294560692962,75.57029809478607,85.43940596893916
137.588371523087,85.99345803291152,76.48557293133048,84.1142977172027
144.09838748640198,86.272310669431,77.09019100622638,83.19386200068611
147.16026214086997,86.85965681724853,77.36457640569496,82.49341024650917
147.77946120072545,86.71418824489966,77.03426118841546,81.79723778970927
148.43199872535476,84.07629545320027,76.56097134118323,81.21153646133436
148.14645325902924,81.45003192192601,76.0853191193085,80.80964267122177
149.30133430293492,79.55216438389259,75.90776156412043,80.10228402780618
149.38523375956007,77.57245474973577,75.87522077414876,79.5585113481828
149.45799225187463,76.72714407717409,76.18971762614188,78.72620755483265
149.58109005008654,71.73964882077976,75.8313801374041,79.43130918975264
149.35424847404812,67.36696875442705,74.73984589465215,80.90700884958821
150.09039586349604,65.94262881630719,73.42034224331883,82.5191794027078
150.21840419540115,65.47749608817023,72.1550087774838,83.62495937819635
151.89181175283483,66.58703091819277,72.06256339833416,83.65206405363101
152.07380846367056,65.19036404273766,71.3787492745868,84.14595575170004
147.70335278294985,61.22019089970162,70.5317757330741,84.05457901531119
147.2244995283309,59.439875452514336,70.3526296202798,84.61553821206918
147.2332271076372,60.77858862115027,70.29029197416156,84.73791417811152
147.6930208412317,60.06786362961033,70.4368104687722,85.11546045273346
147.71365977038704,60.51373294164251,69.6595158601258,85.3762287761865
145.77464716376744,59.911621229974735,69.84710804800488,85.94375401312449
145.98640484132142,59.75331919643468,69.52483755229437,86.43221221857893
145.6205663726351,58.92741961047818,69.39525377752022,86.26505978374144
146.19568489258026,57.812873210868844,70.02283362930014,86.20878700144766
147.59059496510594,60.07819265373749,70.79428467489211,85.39634689195549
147.03435003849168,61.143336546758,71.40628726014955,84.27914518646561
146.96065527576906,61.25101148084081,71.8082600847548,83.04047607391523
146.72057694278223,61.49534271129342,71.89408833533462,82.4341022775894
146.9240701575585,62.7825456800514,71.71420639081703,82.05620999287495
146.8540211171907,62.04198609860712,71.74789819264433,81.67025943454159
146.55975859243654,61.198596630334364,71.60701712375973,82.28200065326789
145.98147358864338,58.89148106160287,71.9385343931564,83.26600970859282
144.85754042254086,57.60475612112312,72.18026311587957,84.2200031791443
146.7395010245408,59.33012823191849,71.72777570399398,84.11692021434371
145.1780253614101,58.5202501476894,71.44601316116051,84.68183295705116
144.95932619562674,57.376261525011614,71.03618910493657,85.25904627113232
146.88613566611065,58.081169773143415,71.23077267861723,85.34286531010889
145.61817298472994,58.26521907988982,70.6520322946898,85.24534493200389
145.12813594619502,57.36441129404774,70.58991117083954,85.37497773849029
146.16410827641246,57.92896209065886,70.38296830808069,85.6612637757307
145.86680150579105,57.16836255764931,70.23745810054425,85.66573312926353
145.57870750030253,57.49006616256587,69.90576479199845,86.06210462884204
145.29150861672812,57.992307921028726,69.9561904054836,85.65139429812314
146.6559067908765,59.418053583034165,70.61929531184083,85.46472650621675
146.54400599571142,60.729514728954584,71.43708937386592,84.39035136308044
146.97904143615546,61.241185816107205,71.88679478959341,83.34470244849123
147.04391589052796,61.51449862835173,72.18216748624471,82.44900454645625
146.35512748037007,62.55081363651746,72.21722251987066,81.71752993993772
147.3727659468649,62.33690366650243,72.20306065150201,81.63416053842268
