245.5,64.5,12,13
244.81768320014672,63.97430674281327,11.98214311379998,13.281347969241775
245.1528672496898,63.56396190039602,11.856716082409461,13.533591077480963
245.75160006914294,64.00048049992711,11.88556272320435,13.86826402532278
246.20783531973217,63.96886404860692,11.810761654189179,14.121723140107063
245.75857789893013,62.865082098626736,11.833466170647506,14.216105687452071
246.35738559820612,63.77783449177731,11.947258815003266,14.106206636929734
245.91779215434863,63.572592345062034,11.930044118569791,14.125573029750319
246.70644536115958,63.426959988841475,11.844399491981019,14.265844156604892
246.56505153610846,63.29418854459021,11.836226144740152,14.353707089148092
246.9347957111372,63.81550189988155,11.845297448441682,14.368870300325973
246.24684413329868,63.26191506865069,11.676368493713762,14.440187239002302
246.22620468600917,63.15936904049823,11.68636836083076,14.475205309253749
246.40273266407226,63.04454250733094,11.67806796486428,14.431339843073758
246.88204696437123,62.96264614364235,11.759134031128863,14.489316429680017
246.74735884525384,63.39062243345807,11.639910009344327,14.543727524212404
246.900076440477,63.230647628660186,11.616296278429793,14.599492539653806
246.5804787552024,62.752996962165646,11.641885792083537,14.508040466118228
246.46798266420666,62.82315178572034,11.732685119908975,14.589246608636863
246.42620240994393,63.22647351290576,11.70763189895752,14.58004207381025
246.3340002673564,62.79936856374562,11.747008650959017,14.590902694157359
246.0888963546171,63.36486459896996,11.652328137394948,14.571943990865657
245.85767271771135,62.92223682165962,11.725109449940852,14.46762398062505
245.45447466220486,63.82733929311716,11.926531827528702,14.573603582273254
245.40421669376786,63.567155552035146,12.020791062046673,14.691009422887221
244.36895290688815,64.0355833685727,12.088020591601357,14.579000653558744
244.0505063335548,63.93026765780784,12.209373496072946,14.707126588182906
242.48311560208063,63.416274578125105,12.146450882254323,14.761348566411284
242.13248034420357,63.86690487231716,12.352468073499768,14.77258609452041
240.97562993992895,63.2708029289281,12.444534494079049,14.707789058141788
239.9304840240751,63.73138585674615,12.55372469366855,14.651230179014778
239.47369481964563,64.0101367896555,12.488163357292036,14.61407501434123
238.3282933415199,63.85144785692143,12.49358618849771,14.573088714980127
237.05723912408808,63.74832606596382,12.549040818582256,14.492324607419334
235.79035737391536,64.75560287012895,12.417268868946033,14.520316317692599
234.99621974802932,64.12438739083571,12.422778541494466,14.422911293956396
232.97725416245657,64.53742542331003,12.65780939830892,14.552889082042714
231.85721959984235,64.73320004557996,12.53043400830909,14.543399560641674
229.52966539534023,64.55618300396789,12.666886163498654,14.516774778890827
227.99903023393966,64.86348901794541,12.67934171274021,14.538629432893032
226.90143755009086,65.3519304689708,12.56363783635824,14.630969100307876
224.8833834687748,64.811080874807,12.441044102322826,14.557064760612715
222.2883836978455,64.44387897880425,12.502539367905857,14.57561062958738
220.7708044815743,64.41854310880234,12.36620117073331,14.547077579297028
219.34435703481304,64.0111891103961,12.164914011643473,14.405792102579692
217.47251999559043,63.59328019714289,12.158809580948692,14.253800390244855
215.1330394223204,63.160897177091506,12.203822878215107,14.45291916205234
213.8961510185933,62.90687640217079,12.148008602142653,14.233433510718088
211.9204060139174,62.51096522356987,12.010804039045766,14.171353826007845
210.113922760704,61.838495612091755,11.906263421525368,14.146111488447717
207.93511891704247,62.356358667204034,12.056857501823291,14.135491212230427
206.51899462702397,62.430366902160024,11.874408291714444,14.035946927006293
204.90493201759884,62.11262883896008,11.906106880544538,14.007555997036405
203.52903835694957,61.91029660134804,11.862993307678046,14.051491552754406
201.41902717493244,62.640662099682324,12.043774357777998,13.953094449861783
199.7691464654711,62.83015201338703,11.99444067057578,13.919460387804614
198.36978865579647,63.391827985091936,11.94365801798288,13.933584292592746
196.1398329340556,63.13255483678172,11.943707229256411,14.156185630287919
194.13404255894284,62.812131987247085,11.956131265996184,14.216106401168865
192.927770640941,62.89709686053183,11.92007004142248,14.325074029467764
190.8513151844721,62.807179192895575,11.96430309028556,14.442326648394499
188.89424335611588,62.53082063757477,11.946612049274641,14.662537132191698
187.3691154903054,62.08968199373375,11.963799600811353,14.86304183019021
185.80112645629143,61.747790830651205,11.91244384658894,14.758254586767592
183.82998389463336,61.57511374566501,11.95707992014616,14.846059560258276
182.58817242058322,61.594292184490506,11.889769745611549,14.814433892418105
180.6928340475406,60.61380444774922,11.78208480880494,15.044011379488643
178.99370653939647,60.366246155099624,11.722445738255411,15.117338765673972
177.43611395094288,60.793677567955115,11.851605820176633,15.065293463442462
175.1732453537674,60.36119911920501,11.879851654816914,15.05491109130461
173.24734726881965,60.784811903658294,11.851617907949098,15.069381288847017
171.16938271716108,60.62644379630777,12.132407774816048,15.410559429356859
170.01627763583159,61.077104478281235,12.180429928212973,15.64477449767615
167.42004989089548,61.44349463618786,12.364121627954543,15.678556941739163
165.88459016372138,61.16575358975438,12.246552837292374,15.757743414403095
163.70036773097516,61.16771973349172,12.234026271052642,15.764613654818024
162.3944362190881,61.39957860998147,12.354823554241413,15.750052335182417
160.54387195188946,61.540195527833376,12.457793967529739,15.752786322268744
158.79280028016015,62.11965975484934,12.473586297804722,16.000211103481575
157.28530743907905,61.68630324955392,12.565404512849614,16.331849820458967
155.53908088749608,61.770154377958825,12.733489854403594,16.264297284556374
154.26438580070803,61.20342826648002,12.647730072230242,16.322199666586872
153.05480883136502,60.411988197485634,12.62593957770397,16.80907496086378
152.27190758187308,59.51276644855855,12.645613922886884,16.840356374138473
150.5385504993976,59.07712080925816,12.49729183867706,16.848207139128412
150.04118117709356,58.65491068108725,12.591998022595561,17.025584126789663
150.23536391773442,58.88926289070843,12.641317554131271,17.0039669358455
149.15974002871175,59.1916083224513,12.635952220680633,17.28974997458524
149.31324914782252,59.28658514750736,12.622432736960409,17.34363549898218
149.51820012236502,59.78403869169101,12.813024695803904,17.483969799889483
149.20796183012877,59.45323957539212,12.922288156478043,17.584689338429797
149.1185634485829,60.313882473860644,13.007815817294382,17.59673426811628
149.25096572027687,60.784539465696184,13.1384238381841,17.623071413214113
150.05183595810377,60.89091274823504,13.30996839384899,17.558360135993475
150.34477358450795,61.0119546831653,13.423363031825822,17.380609138762114
150.27773903655205,61.12178193006384,13.605632932477794,17.435302695320942
150.54845915045942,61.15358377872326,13.788895718560028,17.460654936818166
151.5277364192002,60.702017861587585,13.720231851854829,17.53930349567601
151.95439141188712,60.90609145878476,13.750908101145935,17.57958701827309
151.5380673628404,60.409361492432154,13.703831041024767,17.68533578364279
152.22103134548843,60.61805341887421,13.774853401694624,17.801278616187297
151.9804311817797,59.17454120919196,13.827823801095427,17.79546861057927
151.9779189765982,59.300574871127104,13.92758717172449,17.919170812475343
152.50469434407117,59.05749161506524,13.900201087695642,17.99703543470268
152.4465233190252,58.7959172971449,13.891233208535901,18.123807907775962
152.67660907822605,59.364664467639464,13.893716638368762,18.328396186453872
152.32215242527587,58.77545332167124,13.876844629232334,18.280352299496272
152.7149399389546,59.19653588659997,13.835329641395157,18.094714748469546
153.12852728987815,59.116554191959445,13.77222616566802,18.160367787034474
152.63299106529743,59.24262971616603,13.687233074515772,18.45704331390054
153.29754333485434,59.76735865977405,13.739657032144155,18.400770470019474
153.23999838037994,60.6984641492533,13.781170915428158,18.485976511858695
153.61444109713128,60.52378046684537,13.693316608901487,18.49960947950162
153.7867562182462,61.61482959510728,13.590410634273606,18.53511729063527
154.0769725801153,62.69638095264163,13.97578445436249,18.46692305144243
154.1479335065013,62.76266132771054,14.346793650460594,18.297272636815578
154.5891083120407,63.022268187904444,14.550218699492262,18.265765190221934
155.10623735932742,63.68659787361539,14.689199597609836,18.253792210630493
155.04769133497433,64.6650521133738,14.819506996303204,18.48998418353675
155.59588647197384,64.22680311295878,14.943404045302195,18.47538922830067
155.59966474325262,64.70649733891577,15.11697999814793,18.555829315281365
155.20658660641433,64.42519676255532,15.251532215466197,18.72273826853366
155.72447230437757,64.01595335971217,15.64452563963855,18.913063584256403
154.91557165980566,63.6760821438314,15.816761228251368,19.249864076187162
154.99936113044646,62.61791914622604,16.003686246387133,19.28908788710222
154.63433647722212,62.33207249185305,16.04160528521571,19.28543359348082
154.18175034124476,61.44083776197317,16.27792189005617,19.43540800757864
153.83396741617926,60.60290227501607,16.466988509325507,19.70335063390526
153.53584795705046,60.53980557180082,16.507831764798556,19.52881732858573
153.1442311031736,59.469251281581435,16.66439707894035,19.656452636700894
152.74281127468285,59.3265254068848,16.705468156438837,19.76795150857265
151.73210177602311,58.64758484375597,16.762207197322127,19.864577370548073
150.82464622022718,57.90310575641394,17.035103114021105,20.048432004811605
149.74791535148657,58.59190111057163,17.288628533104838,20.1070479949139
149.49225016076144,57.59870073321529,17.376419037617215,20.13404571160167
148.72867730827394,57.715050488399,17.435233286407833,20.17128827624837
148.04122557759615,57.70390920554402,17.440327716276922,20.099635009577078
147.08106315285443,57.716185311031296,17.39621257762408,20.05329943739111
146.18286232119823,57.96513066336831,17.242028994850305,20.207304792230158
146.25727477660922,58.35342600860831,17.081224530179867,20.33033791299514
145.89487654894384,57.88942033716461,17.111390005018976,20.243992881141942
146.31283911645232,58.4022657484796,17.109858907725545,20.371870922380662
145.73956150853132,57.88439247437864,17.33120001176258,20.434771916230776
145.95124227463347,57.79220286703068,17.394130901376045,20.37234924794445
145.80427680235178,57.875700671060265,17.266879720132657,20.311209060117093
145.89610384583912,56.80436309696595,17.041575647099467,20.301380956276304
145.60839390315044,55.93684372316417,16.892730791532934,20.191927983680266
144.20628491242928,54.754844729862384,16.94962692887429,20.36098754903447
143.09510076918025,55.05594120406806,17.114683203653634,20.376843447344754
142.2415592587936,55.201517242239454,17.335820880455657,20.423847981729285
141.97968815748024,54.69221736687699,17.34560111227626,20.278164456849957
140.09564025233308,54.85771990516295,17.534018863946326,20.257331252655426
139.55483956916987,55.9039262128324,17.483802293375454,20.39308497909814
137.98093629344956,55.06512085079822,17.260071636258942,20.278901641505737
136.27271968505983,55.77611139846057,17.349775078563283,20.226087397224752
134.5481378464034,55.75763676964843,17.428977255708325,20.234377216134654
132.54392952955922,56.656837547579826,17.545381531684864,20.232071865983215
130.32507489911345,56.5074381060957,17.346547041813512,20.189900918200056
128.78754875772466,55.872187270464075,17.236993010885588,20.355068426751206
127.28713900097608,56.341739639219604,17.230819230620554,20.61589173451297
125.60234877269407,56.50227245498159,17.244481518162992,20.819721294181623
123.27616071980808,56.518779065934474,17.238908653140314,20.794621206336654
122.20569168309645,56.20479212414389,17.31085911860763,20.843866771703397
120.16401995878945,55.381664698435685,17.17319331276604,20.96074606998871
118.75504098452429,55.407861025343095,17.307055401768793,21.014474993496385
117.52086359790374,53.914445442274015,17.279100417777208,21.157976968426652
115.96606014075653,53.832906404478834,17.270634345468867,21.21727694996375
114.39432611833215,52.876815114298836,17.370452001599986,21.406735092610116
112.74491367747278,51.6822603994922,17.357053687289042,21.426778045401495
111.59063146905379,50.98855321031212,17.458207053330526,21.44200147146062
109.78525899222079,50.97674276591767,17.468179626167647,21.486314284046653
108.45217170546536,50.83348552145612,17.536107148439505,21.35826598138384
106.72892622783043,50.63696569775047,17.553460635371362,21.389760155457964
105.74627162787563,50.55551750597479,17.663307284164002,21.55935172665994
103.96153237215182,50.98391455095003,17.680246923846468,21.62570287129426
103.49673148940656,50.62291001254079,17.80427284171129,21.71761640663554
102.86931977900593,51.328253331619884,17.98181895977051,21.80255133048145
102.11103256676033,50.67641483786913,18.04164466027796,21.8697890899251
100.5807411552706,51.2254513003614,18.112388644680166,21.794570969933233
100.43327619103988,50.85431249277607,18.420537551561488,21.928166787122635
99.48912981823943,51.34825145015849,18.499480164220174,22.085029573079524
99.1329683633213,51.77484523905305,18.713812853271328,22.444436385205883
99.29432941381343,51.095342332611594,18.818462284011993,22.46036024694743
98.10209121732731,51.03051797515059,18.68094575515498,22.532002649171318
98.49718186875009,50.59236526355478,18.91770992407306,22.65391187218287
97.51174422422368,49.51387380343503,18.92731225818508,22.909430091723518
97.30191485715142,49.72492741722732,18.934568481686583,23.09189843853698
96.40646390966907,48.619633634591125,19.05660624567748,23.32094901936572
95.00568223852302,49.197800757003094,19.0883448446987,23.50631961997024
93.6734348544114,48.99363048580316,19.05382852550433,23.719937569539454
92.76291165344158,49.57689028036127,19.094086625022413,23.86419373725918
91.99150662981108,49.462970424236715,19.12674218658089,24.268997866608224
90.15571137025496,49.0744052376849,19.159275546269306,24.447366144737337
89.32804199693996,49.795257136449415,19.320968148032353,24.628855015169435
88.77817530112766,49.40969483740574,19.402906096122113,24.943264983129836
87.02000445689472,49.93037327219608,19.485471644374957,25.0123527785043
84.44692011361148,50.91358582629028,19.47379626432157,25.21178832323947
83.06360294246599,51.22850310452773,19.484281791457548,25.488365474165853
81.93030468378207,52.03902438589904,19.55817863803376,25.72821020047048
79.3910924348577,51.632113159533176,19.628479261218178,25.897704595436238
78.08950011468458,51.17377484147177,19.722592313048178,26.14909165073707
76.73463001198986,50.97682318610221,19.733955862859,26.469726570284216
74.46698704696793,50.553374565139066,19.769442541346482,26.81818455983396
74.03345527456005,49.469862235946394,20.013163929751997,26.950394145205983
72.43849190314802,49.144531750195405,20.185953621947405,27.053334982449698
71.63443555047601,47.69831282552276,20.28776516266437,27.337463324424988
71.32761071032049,47.7012237977999,20.565333308351313,27.427829276897263
71.13525795870596,46.679899858605374,20.871323278562244,27.728653005200854
70.48133265635435,45.777518294577305,21.14350193387886,27.955624919267727
70.50748268198346,46.41484699934943,21.25632702912886,28.210636317706882
71.4471144553986,45.728401735173996,21.443857400908193,28.24268281090913
71.564735018749,46.798553467870995,21.40455730518656,28.5860679384259
72.34307100824407,46.329363913493474,21.555879906465286,28.96352281517487
73.57347146552776,46.719109511890196,21.812679099090893,29.08162672593681
74.22222104460917,46.68030409369459,21.931465813387476,29.158301353627735
75.13650557656901,46.88376079384757,22.040434777231187,29.40736609653695
76.71570956002272,46.510584801728285,22.084405798589756,29.56169029738166
77.72224573250969,46.81440367726526,22.26907925363412,30.122527220532568
78.92744703611872,45.684083237018285,22.352176402275433,30.06490051717946
80.18954954978051,45.0014967947634,22.388183987103947,30.177677533387854
81.26645154344274,44.79026338848186,22.508391850136555,30.149702091407626
80.84084329803264,44.1243010369985,22.62280260393816,30.2601368880633
81.45507986541216,43.662921886930505,22.744988958810765,30.265641455518015
82.71369002264487,43.74354748968835,22.90930364991482,30.254251853977614
82.42461162127994,44.18704816439959,22.975690323440894,30.35638255125467
82.87850159282829,44.126569231499445,23.148497886638435,30.49458668388194
84.07777191849215,44.035591324918876,23.258818300221606,30.655396478985026
84.48137909071966,43.414094278318586,23.31787104084196,30.76961378347405
84.61432358941873,43.58468453141513,23.510590432344582,30.848333694608854
85.77260782776497,43.683601353909324,23.615983978433466,30.96243294122774
85.53109002314432,44.218372261015574,23.674010813871067,31.024667698289043
86.30251295544467,44.48982595980126,23.752281468244668,31.073680318913787
86.02080375926082,43.82087163117926,24.06153069452425,31.160900065673466
86.64444036068335,45.0138475128155,24.03121315345287,31.433375064028176
86.2815176815162,44.174825902991714,24.1958747015531,31.539234674666965
86.73157663105582,45.01963145409532,24.250260100279647,31.904411685100143
87.33366347994107,44.646689123931274,24.525169106099554,32.00298656530738
86.8141888897818,43.19600191468692,24.574275513934253,32.42911979956148
87.38002185889457,43.05716917801426,24.810013202150678,32.5551864170537
88.06474371487306,43.476268537513306,25.027231782674157,32.92224737880361
88.611109022248,43.10848114678305,25.162783619553913,33.14060714676009
89.4094078997814,41.75120749637283,25.238930257835825,33.314983301187716
89.60579725193246,42.45429979633916,25.354620837114474,33.4526454276726
89.77871913999576,40.731117934468074,25.395214030029692,33.615991039232135
90.30295447443876,40.55388631321644,25.592555181173914,33.75930160896777
90.9620512521624,40.180930103362776,25.652863398607195,33.83456324847414
90.78375920941595,39.257219596386896,25.702698319041964,33.667403058965206
91.0133170427234,39.26745770934973,25.808947370864256,33.7155192323983
91.95969874813781,38.91627614764154,25.911817919805628,33.86455002701829
93.13221297953595,39.00963834051787,25.927006789849308,33.99628530108046
93.16666735646294,38.378847028199345,26.037414675895555,34.092781537129554
94.31015864412737,39.084575807544255,26.323723163875385,34.33631918145793
95.88010941494741,39.26386546933891,26.669311944348344,34.20499047859139
97.03706230374044,39.570028419620684,27.197622896880098,34.039757468767284
98.81595081715983,40.015680001436564,27.472613833450737,34.05831914802721
101.07820467320806,41.03396589772047,28.01764566832081,34.04554796695537
103.00180970364492,40.947218549241455,28.44664782287068,34.163549782227896
105.58725957034437,41.726180294009616,28.770660236993752,34.41151041554009
108.61836961031088,42.717166108200985,29.292036863451145,34.703260482103644
111.29920230054192,42.54051701907193,29.698064048907007,34.87633945712804
114.53786987655286,43.61601461285439,30.288883231907093,35.064995377351195
117.34314085092282,43.79898512094597,30.670791043604204,34.950372637096535
120.8654881415862,43.33687170749113,31.150657867459337,35.0622382832239
124.259725615542,42.89841446716633,31.45576125817078,35.19563441136495
126.87086120276624,42.57553425301635,31.62787923624916,35.14081901111267
128.64275841662115,41.52866286681998,31.502126037787363,35.186351639462444
130.1855737702899,40.80706012758948,31.61931038629706,34.97516487549179
132.65748522739224,40.745702988885384,31.674166633164113,34.96525942922235
133.89033469955183,40.27520777198642,31.37066909341649,34.971429270616866
135.04742679746576,39.12153801075185,31.272564132665536,34.43845917318245
137.1438048151053,38.90167043835283,31.238396983647434,33.854640350504596
138.23641445773168,38.23641775058266,31.11174546076954,33.32721446975068
139.89138973210714,38.038072814487755,31.16822376409994,33.10532781529865
141.71339444670897,37.53421034961357,31.368649788311203,33.0868351652054
143.6918719248021,38.07951122996162,31.583967514314885,33.38802319847751
145.02946235741578,38.04784446751273,32.01396452842101,33.51615785009381
146.68704653107577,38.639321917178606,32.145709423441126,33.71074365835025
150.57229741357375,38.216990564281346,32.42544626775913,33.90358779066988
152.83729428011117,38.564617238210516,32.65533355427657,34.224516627030916
155.91690925833785,38.75333359698334,32.9827373754416,34.505036575767924
160.25647445866406,39.210052204370825,33.31299208373694,34.662991658737695
163.72232814540644,39.794180913793966,33.32920169481032,34.85020382435645
167.35268246292452,40.66549620721383,33.638605765004854,34.85684772978051
170.4583665556612,40.80469619504626,33.74227435321315,34.761564279527256
174.9359474535553,41.675927966676895,33.954760872854656,34.55699093211254
179.64225401855987,42.97052923282092,33.956895934679004,34.400284232267715
183.75508219133866,43.21367384311843,33.89903477039579,34.367756797895176
188.22134665822006,43.61773607429548,33.78004820266086,34.428672586319266
192.85075004278167,43.188377326238474,33.736018426335484,34.55420622165447
196.80846682384183,43.19380801118013,33.87711867769174,34.72528476659373
200.57637361745302,42.40236199357,34.06633789686583,34.80415098489658
203.81203045038924,41.86443327269733,34.189937713659376,34.998496976828065
206.78244375495586,41.318013921710765,34.09076254419293,34.95309581826653
209.66941350372127,40.317797299198624,33.96632103250194,34.907880488461714
213.13925321052656,40.09273537577519,33.925330888910864,34.79014861955692
215.0380249212083,39.59227162579157,33.780154105731,34.80196767626399
218.47087471914816,39.98522454538207,33.86643891536884,34.57215755642046
221.25439917597865,40.083348443888866,33.77557770770153,34.471517822449016
223.8364510807146,40.620314136854994,33.64237866812712,34.299942345864295
226.68453353898818,40.82067560770938,33.50897839620274,34.26926137059381
229.69769422532107,41.91129270177542,33.3559704505084,34.087453070523246
233.35699896166741,42.225772692700176,33.328439068483426,34.32204142708699
235.69561633641436,42.639480888680225,33.175411911000005,34.273792866070956
239.69971229813356,43.49808532557866,33.47071539466612,34.01109158161429
242.38098477662842,44.37760119581188,33.260947632653185,33.94522395133156
245.34623818432405,45.69626445858013,33.01098233261231,33.82378563990639
248.7884500553447,46.12677724551133,32.719478417078555,33.71102640534606
251.37970456849442,46.08854453156632,32.19892999258576,33.57660258319602
254.38540778915026,46.404775149697485,31.792843051243537,33.37859012556299
257.45720255685325,45.862380110391626,31.30625405752459,33.179402218792625
260.0697727232722,45.761163427552546,30.850515751816776,33.028494750091596
262.6772175659502,44.948027752759074,30.28357480837374,32.834793465363056
265.2059022759037,44.96313126896957,29.780649224678744,32.6254416481339
267.84185929534164,44.837079137600355,29.162261491955345,32.67909677604566
270.2002633305567,44.21315756160203,28.603754774979706,32.68956562231721
272.23665733757827,44.10626467967759,28.15891123038856,32.89368767672677
275.253925431548,44.71665752864283,27.798538860808435,33.08259474307852
277.83637323039494,44.63222226277183,27.40041934801447,33.40506681693572
280.7776211764959,45.300523083249885,27.041950803377212,33.69655221974182
282.9332532339244,45.508978117301744,26.87664940366912,33.840423630519936
285.1760487152889,46.25252436427655,26.74274539543844,34.38251857744252
287.4041500322212,46.293662023168906,26.726106512794544,34.72473076104063
289.15153649899224,45.85885879583982,26.674427832792457,35.152107944763735
291.29418786470586,45.366565785464374,26.850265733994632,35.446830939372525
292.0401762930708,44.43783983535451,27.03182255531966,35.66643625050381
293.62165152730483,43.34149105142912,26.981666724531635,35.61550936957835
294.6983655561805,42.74806088184958,27.249008835084766,35.921025211533596
295.93972386416607,41.42625149528305,27.346857433270642,36.141196852556064
295.9828116265312,41.40304750709029,27.559880655221626,36.61458928810334
296.807790144498,39.48963159930023,27.48562425996643,36.96150572320555
297.259747846365,38.710408259616,27.6722851473168,37.30015467212815
297.8779059806475,37.230774367464434,27.803922298437136,37.620749627756965
298.49638921067526,35.76376084335066,28.052746329485682,37.897862680241715
299.3492397350368,34.46079558155308,28.17719552738272,38.15856381655355
300.5621236888397,32.948443346474264,28.52785584243327,38.18067405415197
301.4688916260256,32.805352343472336,28.600556158857277,38.58698583168646
301.6379189584375,33.098292936527,28.9270829120709,38.756522767391864
302.94275955458994,33.822682648081255,29.252459598260366,39.11025765893484
304.028950948788,35.20779400787338,29.47595035646457,39.29910061508606
306.3121826272639,37.11464805408947,29.971184959412653,39.61482663138801
308.15864358525056,37.770660863195324,30.39265055564639,40.14195311087833
311.03033281647083,38.89435332535317,30.354132303624514,40.97358224944411
313.3214061911642,40.422008927270994,30.26487400486033,41.102955322189274
315.54332376939635,40.18609776361213,30.644919044013704,40.94958041773744
317.4444945433597,39.60906211561277,30.9639506726617,40.83868582189808
320.2459820138934,38.836159572499476,31.19829272149302,40.765525639989605
322.18957273442015,37.96300774985565,31.525386640546866,41.09231451000108
323.4497617341599,36.500640475107126,32.061054650131155,41.5786993356822
324.8801026500807,35.081937954530446,32.39203870612226,42.012590468449325
325.7606958942365,33.584454757747096,32.619869227545635,42.673436588425936
326.1696565477274,31.877729761637145,32.804591148141014,43.30654924696665
326.3762267652897,30.747685904824323,33.02537483964157,44.086676519002935
326.1315252980471,29.284777012273373,33.312019163878134,44.68300626508811
325.2041566640825,28.100198344144424,33.7244003221882,45.25226342720508
323.56532424235326,27.124813052878935,34.35821078599281,45.364297594826695
322.5854355106285,27.194850618210168,34.96606490292293,45.78413431127879
320.42886225827584,25.61012788702982,35.56030023666866,45.84204446289425
318.96269541674224,26.679419759028374,36.126698117276135,46.56943776777104
316.11230500820767,27.878261121199458,37.0489368925668,46.52468988077018
315.1358995236515,27.89054688388705,37.7264411600189,47.07372085297266
311.8851048196105,28.641750418192444,38.15568483445843,47.70420329356293
308.6975775307756,29.376571507792153,38.840309247790934,47.93764296060069
304.46477897748053,31.201614280150082,39.34462457795289,48.60922127239118
301.65561078467516,31.390512786608568,39.69927335293743,48.89734713964694
297.57163124039613,32.09765512672952,40.34663116891254,48.72858567374524
294.1740968455358,32.48032801570623,40.929557014297146,48.34919826933843
290.4275832214132,31.637151189506223,41.21916648452729,48.635214940918736
288.3531274071866,31.17295660270207,41.47448217906628,48.81052321004325
287.87988669743953,29.698352438463427,42.25930499858775,48.72906089566775
283.7244961186718,29.175098489476795,42.83275953411388,48.53267700515835
283.59424110796255,27.743820192569135,43.36066385980795,48.52160545947782
279.2831756895417,25.98923315315776,43.70725911315359,48.52105754390055
277.0824142963335,25.84797218701093,45.050719107745515,48.725232590453444
273.7087057447152,25.66159272899069,45.431346393172134,49.196972663439155
270.62218273442323,25.352437747853372,46.243488196989716,49.376613122978654
267.08187066928707,25.48975374022531,46.897381217642916,49.68442658091132
263.13300438829856,26.063532754971675,48.028385855272944,49.78907451932173
258.85687117190076,26.86325647494195,49.04877906190282,50.153750686063006
255.3928702062945,26.56449699300728,49.51650152839363,50.63239665723797
252.18442934770968,26.22104683411525,50.40589215288139,51.39530349183626
248.98879428461456,26.06542067041154,50.98486922639832,51.76067271652866
248.5935263162135,25.291763994845336,51.688578704627034,52.09976129425409
244.74167113678484,24.487857275729823,52.292230031044205,52.42609549302131
242.27700852304082,24.41038426717385,53.07485296895095,52.66348459842633
239.35012439650183,24.21008698818793,53.733476568708646,52.971012553452844
236.31261371262482,23.346493644368422,54.5805464098208,53.18842300646509
235.32328462923775,23.314103912226027,55.22663080511819,53.334052304536364
231.2083506853235,23.09137040965767,55.88714749665764,52.994386245879895
228.25343674988594,22.695551670776794,56.63008665369608,52.642079579392686
226.1269835108646,23.845948092748408,57.280157238107776,52.62191851607385
222.39868570629517,24.638207016367655,57.996966222338195,52.424344843601894
222.07143983803772,25.50230120174389,58.57597005460248,52.35030028312164
220.43856015740536,25.273012528569154,59.45671225926623,52.213883978557874
218.72672469777052,26.171855929198394,59.95383803540844,52.24288522852315
217.79785566063998,26.077581800319003,60.321660738728355,52.16722651058346
218.33684749991863,25.325443635618466,60.516187111898375,52.199870359363196
217.77455226935496,24.430331783794706,60.95585910979561,52.20021080705216
218.29060086181323,23.38187725564289,61.01210697569082,52.32015050205055
218.3784358404488,22.472454741677023,61.09979564120907,52.76286411461516
219.64943702705415,21.832755171764276,61.00862229708161,52.98876427105748
220.29757776124052,20.805743042619497,60.88104402714178,53.2504499196516
219.84728368370287,20.119059316095303,60.76713144502682,54.07462619580866
220.1435428256329,17.44878290450346,60.34820557959901,55.05434823514835
220.41059350162342,16.38791914982091,59.47249570329545,56.30660818803686
220.29342891005783,13.871307427220518,58.45674287043546,56.78774384942417
220.68253384950214,12.492479163101734,57.11559471859377,57.01224302902892
222.3943361889656,11.339323439802133,55.66697551997538,57.08286006721138
223.82219128706217,10.928748792486026,54.71693095984487,57.194531519989496
225.86507661034244,9.38255286935182,53.517653280889945,57.08289237565732
226.79605608769538,9.217893983708151,52.73098262192989,57.003795902292865
225.21949086144434,9.139529614417235,52.43082451928669,56.586688791112735
224.70195691652523,9.931006057629066,51.97023389224107,56.15983868121648
221.42976177367746,9.875440444344758,51.725909769062135,55.856894562984145
218.6335733566071,11.189715444987911,51.726047700157224,55.55227005684554
215.3714308800556,11.707955735978615,51.5001133081674,55.09447231473459
210.44531489197777,12.833374743515279,51.25867348561701,54.8967925828949
205.58583775913218,14.723541024304467,51.02282523818566,54.72963231402588
199.19742225969458,16.391873558501032,50.89329370349152,54.53776123290692
192.92693323799958,18.26724899117377,50.673055583246246,54.39045565908061
184.6461802982597,20.38791024246713,50.49966957124653,53.92479438658117
175.81447437571447,22.11218610877152,50.18537069246001,53.753198735362766
165.44192196067505,23.914605724446183,49.98003606941385,53.83847829368629
153.778558455243,25.402489667975672,49.868509677567985,53.44516675695385
141.74081337446398,26.510863247233072,50.07212789088385,53.171125706532315
129.42662648668295,27.755365635087337,50.41768382586975,53.652579915198785
117.66326992460236,28.03894660401635,50.271303154254554,53.41580628491217
108.52966695129547,28.86305638233214,50.241288870765814,53.417785426324414
98.89433888862243,28.042305935294632,50.082902179949755,53.404608571719315
89.371599031833,27.955408836621196,49.646852657688775,53.69199121395478
81.47507383829532,26.410335286322912,49.699531340662595,53.41747304469966
74.58446792502448,25.81703381188732,50.08486628274382,53.243621315035384
67.47157598882367,25.478211611238827,50.77887563427139,53.04975318409818
61.93418630068965,24.03026934012197,51.27729716904774,52.80172326519603
56.36742747951642,24.948036868169908,51.15344863097428,52.61303915266552
52.368246210651236,24.598357748558456,51.475241706882144,52.79580310115509
49.31121698643023,24.628770589433977,52.01452493636053,52.779282315550105
45.63828087497406,24.322787485625746,52.12856084030315,52.8478572954444
43.3991987634875,24.145653796810024,52.002155151319485,52.737531948037315
42.213954253554576,24.471316982251118,52.16543768352969,52.58562818696119
40.86781113139172,24.31266693204682,52.460158324599185,52.487066710574204
39.89384050745473,22.704096824477496,52.21544281702576,52.278084021889
39.0178317879862,22.62560861554784,52.611287217480154,52.28516259614899
38.85214612460638,20.32129414149993,52.35532361334304,52.12158380727582
37.60127137058797,18.995069118563478,52.07170324833298,52.02623469505241
37.20106328310557,17.1537984407222,51.61041688576117,51.88486199967906
37.049268596987105,15.152151381420659,50.96737446879064,51.533227624782384
37.29400805089019,14.311704518665653,51.021114948515745,51.19638586903019
36.445834305280144,12.629601328969635,50.90344323654981,50.99431736705931
36.11911499804805,11.810376643554136,50.75373685961613,50.77164222235686
35.524984215438664,10.216127910490595,50.87903291255921,50.45380872153448
34.09739459495002,9.80958043624997,50.647809975725835,50.534136505308545
32.991536510455106,8.17795091944524,50.53405903503548,50.5737524744191
31.481361197363213,8.20955135064315,50.58718554012552,50.81380100095647
29.1331060488734,7.981650245394508,50.4607507191547,50.792014796307875
26.796805304732857,8.576445652563304,50.61817877222461,50.91977866107795
22.683185458827666,8.142929892726421,50.72827483305355,50.930459103195105
18.747430337845238,9.606978373724111,50.62241099817514,51.94713128525795
14.31407485760797,8.943480982214503,50.76494936648659,52.09069754235249
9.39388161742044,8.975948149028937,51.31066764922981,52.431233311749054
3.068539343409533,6.505598155740323,51.990469781480144,52.837925749040394
