93.5,113.5,34,109
93.76732795292328,106.82293150087716,33.669986866828,108.12908416468854
94.60627918485689,103.63875757272476,33.5519830178442,107.42993095287812
100.60209690646587,104.89544574300939,33.48619939652566,106.90304128566397
102.15506264644677,102.43759127214184,33.400014220122216,106.69881757587926
101.65959698868356,99.92708177863219,33.322537880886365,106.68808254602237
105.51912190696356,96.85192815861994,33.297687606399094,106.04252472714793
104.14115318082807,102.29903293195548,33.52128238632206,106.58013128155106
102.04114096424738,107.56102840416278,33.307632464930236,105.18434372916528
102.96336123027434,111.40995256257267,33.101788586814585,103.91230193471489
108.40689551333962,113.6431632844845,33.3820583919609,103.07411368524241
114.59896311560496,117.2483411191786,33.700344375784724,103.13699524424776
120.72327449692622,113.36154824371994,34.67692226621837,102.5546125198233
122.13997340599207,93.82551916872245,35.0425364891786,102.00017149379289
128.4107564129135,89.25728433066516,36.2327533885437,101.62912144792261
130.4813385181621,85.51804260904986,35.83588549037869,101.82235041269863
128.0106773446228,84.50049262133932,35.18200253045048,101.74062218491841
121.05960448001005,80.73604517458715,35.38497719339175,100.13625825884267
119.32633382996278,81.94734203260664,34.47728143293942,99.026618372569
116.04963538937128,90.39813917614352,33.213746589574114,96.8993189387057
111.15756151100916,102.31961253946486,32.345304548324705,95.5785813795435
104.89286190663134,107.230089426765,32.124191633972444,95.16503155086603
92.81983059182744,107.14738304467528,31.872507223785306,95.46470580396
96.66859164188412,112.53289626412672,32.26957244972175,96.32448724164401
95.74187800261677,108.0649168887806,32.8341602688372,94.83551828084944
94.66469603018112,99.73856681044396,33.44222165671693,93.6175481189192
93.84334848895793,96.08814178155781,34.032304553685094,92.61053208019493
93.46268819446848,92.92330907882982,34.24335947284128,92.39506294127837
92.91073658336506,87.41523325742807,34.46468956730156,91.31111502048321
96.27008750539932,87.83730321236555,34.63261587417298,91.37787612064471
100.3974311062556,95.94550040235346,33.836318431524134,92.78888309259762
103.28781874044098,104.2478579715853,33.90302822861357,93.04711541812318
108.07238144575615,110.31784238742476,33.44628093840559,92.94465078261126
114.68656454758793,112.6566534192051,33.02823844995199,92.49657431231232
116.33304655454248,112.47437953748118,33.019480588005194,91.44056398078182
113.82335177338913,104.44403093799093,33.232757384046025,90.01518673213047
116.3437159966962,96.23676819931944,33.23016875753074,89.27707663513262
112.31410065706031,87.25067607075022,33.37816028961626,89.00674532830624
107.0942060877664,82.82610630219827,33.01002897227148,87.79389317382076
103.7607242660663,79.55733236257926,32.34574480912258,87.0930992447397
101.49645293669869,78.527960810423,31.99670730199479,87.35692321586589
101.05308169913963,85.68191974805276,31.6816652855739,87.28838713076749
97.54505921315905,99.73828507374324,31.726159316067758,86.8702918706219
87.0362941697241,116.64764139960663,31.524008616804863,86.31362603285996
82.13950668321678,125.09725511794494,31.798525362280444,86.0236095642009
80.97141219680232,125.75852735672832,31.785390823985686,86.47079923084496
82.56732428553197,116.81026219021746,32.3959131144982,85.4703340194331
83.52058534425444,104.56575714374273,32.47540882027255,85.57744904707495
85.46859077301384,97.09274601539433,33.19988612956283,85.09821457464577
89.52540436543693,91.13224797570918,33.022423323836534,84.90268595766597
91.18678824898498,87.37169555194546,32.28421714312044,85.07895647749564
94.37495411580397,84.43867907593719,32.011987544187036,84.3828065262224
98.71738435044372,84.67487412347054,31.91293678254914,84.19074151608037
99.36943725131636,90.88134558931125,31.565954916026485,84.58542816966508
102.73247277513669,103.80311828765832,30.88617045133261,82.93315169386939
108.42134021626754,112.75307956793137,30.639093718790136,83.32844664736139
109.53472050568553,113.56757324798564,31.1340822072607,83.39938983592074
113.53623785587536,112.2669171115813,32.01644255692987,82.667525734294
117.62130875238337,106.15517779034568,32.30050055486842,82.31421165978524
117.37351730116126,98.6376353720841,31.89754993422992,82.43120186129863
112.96122680695282,93.27050907619052,31.37515941080595,82.17348248348131
104.16489185544741,86.43215555295494,30.94339045578456,81.53667482047982
103.62352749264384,81.57609421695895,30.486473509547203,81.12220962473498
103.01799124803834,80.27520108548072,30.02409469432248,81.4639718169517
96.90893111452203,84.85436783099595,29.941593928640252,81.6770210392391
91.78709722234827,94.14454183211942,29.59710405917921,82.29968359607422
80.59883661891597,104.44518949180457,29.523706519095562,82.22024839938457
78.99041034706786,112.57112829692323,28.887810668779313,81.52809941158377
78.0673922285111,113.79168152220856,28.594395640557778,81.43273947819449
76.00630679001341,109.4760625522257,28.570995762548264,80.38155478022075
73.63413369331577,103.85240860182408,28.646084315104908,80.14047461950057
78.70574576637746,101.19473632582992,28.722909073400466,80.68588451725304
88.18807100649728,96.96394397697195,28.877151262838574,80.65066974597485
91.61183967185525,89.07133405789135,29.13066430901473,80.26826606423859
93.67832690102686,87.35708510834782,28.98138821874399,79.80838772736374
98.61667809562783,85.06189066362036,28.504276321790588,78.87562521911357
103.53234577980568,86.17572564411256,28.287314160527192,78.2750838592034
110.6370756558388,95.36449343537276,27.913755668836938,78.01943166901695
121.45150313549544,107.40824727858751,27.369205519093963,78.50930511662068
130.35565808151085,113.83924113337058,27.3874508791383,78.16022920362437
141.7086389986035,111.877726642032,27.46550470047058,78.16309670062951
151.7643341793267,103.64551091454038,27.410693928867925,78.0943841584204
161.37845272357114,100.27316925861135,27.05014978776675,77.48572207614393
160.41698876921836,99.19989228137011,26.91678373208637,77.37340614422808
149.22736364544605,97.4711963450951,27.21660816786342,77.30938469051469
144.49158167953533,93.94600740387952,27.586596248244376,76.51695432633328
136.16355436008178,86.01586152406185,27.404216667791154,76.33917159256045
130.56651801865922,85.6031438900759,27.587612966664103,76.74186723555522
120.90316708083446,94.64589023130019,27.237145042508942,76.88333378162227
112.90965251609302,108.48910079607849,26.636998802729117,75.89270580392113
108.53288153563558,122.73760775417344,26.326086684969688,75.239417092199
109.37629357044001,128.94102111728205,25.889074145474048,75.27736594734166
113.25055199775979,136.56274234664662,25.617397786897715,75.61787257766282
115.25093157511219,136.91881044034747,25.515822620764077,76.05130821814959
115.1591655328886,127.15566802789886,25.724048466232183,75.36112041731438
114.87448367188293,117.75925254606148,25.639041165065397,75.80132458045205
114.32460954975876,113.02566211398218,25.567446321163725,76.082543721283
113.94320615302331,110.89716518743744,25.468350520068267,76.09020800741692
114.76333819205027,107.94025099709228,25.2508520546166,76.24804302186578
119.11061900111845,103.76769885870121,24.978565979693116,77.02475311453536
120.63674396758242,105.15823733149927,25.03580548768314,77.23965118648685
121.41997466386937,108.44794095268784,24.712638810990594,75.63783975023152
130.05513239859795,117.99629221722769,24.508300438091084,75.16373205452587
133.47259702443716,120.986552135133,24.56548964039209,75.37132447762637
136.20050305487916,127.0835896463343,24.240222241983695,74.71356632686683
138.17385580330802,118.22245451448877,24.45485888913845,75.06239107969364
145.72197439275894,100.54379868662127,24.7076255020457,74.65847989607319
151.64191236098807,91.18183935217195,24.581199997411158,73.27673526541129
151.17016730222326,89.3442616783864,24.179076873745075,72.25895466937885
147.56977039809775,84.24715312820118,24.836702614064006,71.17599682010331
143.96973399896828,78.8494624875531,25.07396441912835,71.00589538960747
140.0423808526749,81.48017647371302,25.098849601943385,70.5421959558008
132.76724561141504,93.0644595449794,24.556277982412333,71.17292523868309
117.23621848363895,96.56165719940641,24.680595726734023,70.22026462526364
113.09147864588104,98.51901408976528,24.62246016024544,70.39390781628663
109.21374750394794,101.39140074763804,24.759610085255442,68.97538076213777
94.12192297431997,99.68520464062247,24.916844273295553,67.86603969217234
86.60420828272134,90.93798271270188,25.31389551318228,66.68562354740318
87.54428535675376,83.08939327442599,24.989960585278876,66.14023917627429
93.17986387983161,74.63391399292718,24.845198764648067,66.32632896485786
97.39073340738183,73.24253892308417,24.912106216810834,67.05619381058328
106.14329545465952,77.51756735007505,24.91143959601031,67.89914804974117
112.59336728637875,90.30699805806086,24.259318965713966,67.42875373582034
118.32989711191317,107.95102105371616,24.039042136300388,66.76137043371872
123.34038196393168,123.15345453583123,23.969460791333216,67.22711466028447
125.95718597398476,124.72695848066033,24.047272735063707,67.1205473300135
127.76201472555121,119.6109598003236,24.155843810498297,66.16078272016692
136.0059833730072,114.19583630413254,24.36992525337929,65.63797948061546
137.23433445113773,109.32890281697625,24.122955868038034,65.94843317825567
134.07240055960702,104.56821748731721,24.186380440497643,66.30635359648488
129.41544378321566,103.47618490279143,24.864116930292106,66.86141476391903
116.3249783950182,107.37270337645327,24.608905738913574,67.67596753827502
112.63727334841244,111.16712713906931,24.94863506125109,68.15566916923191
87.0608567233145,124.14348579941944,24.684865223068044,68.05892032387345
78.39318024456153,135.75888732854452,24.5718672742019,68.04304303161453
71.88628231558513,129.2262430228635,24.488309196913004,67.15181919180465
69.1747140734507,117.58143881712996,25.017643038359594,67.1435207276614
69.68239240920991,112.7539697515254,24.754919998070577,66.76972846641443
78.68249764617286,105.88964841030838,24.78507642172771,67.63631250932214
87.16149210643239,101.06039113518956,24.60897264830337,67.26566846733564
97.07986856532581,102.14179092824446,24.527152134080985,67.09887322425867
108.93969437378601,106.48012040918744,24.034753477365655,66.53396486509489
110.84623339815387,116.87523461490173,23.87324384141071,65.35406512798271
120.05148600167496,126.82335623659847,23.984572054168332,65.1281824497748
132.63396001965154,147.14890514251985,23.634889673732737,64.1596598637621
130.42527553283813,141.2308994127925,23.488595164693564,64.23180299130763
132.196713703628,120.52082450152118,23.40130597178019,64.10652358411394
137.62823856360978,110.21804740371255,22.967429721360105,63.5391613673777
134.45891268529914,107.1291444580439,23.189535800796328,62.95958725001748
131.14852154823748,105.26559528305623,23.19279392788595,62.87175897569473
127.2629139938709,106.0687564270017,23.21254276235762,63.211801925039794
122.69481283834935,110.55043199530812,23.585347856603835,62.98544648544845
115.48429360033319,120.37993083697116,23.250021510248484,63.07442891992022
101.43949476565777,127.36845696002652,23.272284050815145,62.89302810966156
99.63702482750072,132.21954877542413,23.095547873128357,63.629155102035256
101.56609436830705,129.53318304728813,22.73354927155723,63.93467683769569
103.89230584710123,125.70379463089016,23.03226767139074,63.75551679228729
111.62179976623561,120.18926967085469,23.009551500602445,63.68117887971663
119.67643005426251,113.28159209510184,22.930215317248845,63.451760929415684
126.4328407824743,107.54620982047663,22.939210114487366,63.37120826370028
128.65850973837752,105.53969269971735,22.81470020561062,63.814024657394754
128.18750860812415,107.69044196293154,22.73782054911753,63.99389896421832
127.71223145119617,114.37395225688296,22.590809092824248,64.02661954910602
126.32937791607252,123.66807285746467,22.614771167954395,63.38589765031078
129.21573799198663,129.55872883126145,22.337709413800745,62.90702729970207
130.3651847106086,127.13651205349056,22.202401877817163,62.46839076781097
132.2789203426297,121.65000855133093,22.38694309546439,61.90495501547743
137.66277531368127,112.9346033135267,22.253292105692815,61.241925845700145
135.74135611956027,109.30266255168324,22.392432335670648,60.603315799868
131.99543495164463,106.02773751310016,22.713807294792932,60.16687589900681
128.03972504371157,101.77644365366568,23.209310667787953,59.7694229913499
122.42385251201027,101.30966881508621,24.023428396595843,59.25825943360742
118.43538085504822,105.8346297921023,23.76646591828362,59.458874398215364
110.98198715097762,115.72431787190781,23.479066162118176,59.143817467730315
102.41723863915183,132.00330871830957,23.556208373147683,59.60577519753425
94.99505119888262,137.18690776477445,23.363375650231518,59.27094099620604
93.80010884129958,127.72226709003989,23.239056578547633,59.376053186739604
92.42667209481424,118.72377804591324,23.089231835052846,59.62789692135521
92.82269024068543,114.69176629110443,22.913182665369323,59.94294610770012
94.84914973612173,110.33522645215254,22.550629704236123,60.10476102272547
93.4507664109425,107.77001351846104,22.100230197825773,60.011976555330634
95.1285257995907,112.33404523657975,21.508852980130186,60.311529238477995
98.5999764319706,118.28140126149914,21.375987420936813,59.34068346061187
105.22526021184757,124.21640313045975,21.190309769019798,59.12261339273458
106.98808836833851,124.33883357825886,21.09650484306184,58.95812037521581
110.32201309483835,120.75520550555353,21.35060763768177,59.069214640133296
114.52316770603666,105.47709416252454,21.80767436895949,59.02969796156724
115.80708944633602,99.16136111771614,21.825059331506512,58.94415832150875
112.53519362590328,97.26472656532155,21.97954442711444,58.34976883025912
104.03771443424257,98.6739331726669,21.688513049083298,58.36211013407732
102.17957023080673,98.84261019920214,21.449755279044584,57.99628789683375
94.39687995778802,101.13900550542155,21.359496176644505,58.079482143861455
82.20851381375921,111.84377740200694,21.249539850810518,58.33256461717019
63.1202132604069,119.64657541305293,22.188271694819836,59.26329023509285
55.48978301328886,129.70849741041815,21.70380137850905,60.435918789800894
52.96432715862092,128.84995888791258,21.428109198379595,60.29535974071868
51.43190111046839,118.9557466940315,21.45131767514729,59.57965662603945
55.152653595914416,117.36070352603728,21.263031831910276,59.08965825667511
63.59497789498718,109.73029534861269,20.736939981201253,60.268771425489135
71.6041645935059,104.83038746828733,20.608219790035402,60.524690511029995
77.9250271506958,105.70920955961137,20.564210053463217,61.00828039248411
81.23310949263652,111.02255688101297,20.78915893693408,60.291375788743366
89.73865701757207,113.94781490844002,20.862595671120598,60.66449350006359
98.65019182887016,114.9728465022929,21.461082521302714,60.23347247048467
111.90910312808012,117.45062995959282,21.38754054727246,59.81356486908675
119.04931713496984,106.15701740827069,21.32402480308532,59.732960458181196
130.34649186481056,93.03015471931127,21.35983281410697,58.879031264566834
133.03065516681426,89.14934148272575,21.14866935325753,58.881181552892905
132.1931275334423,84.50803590139017,21.386686079161343,57.8137026887086
133.21845146955633,81.286302572822,21.23877427470517,57.52846012495871
131.78754311754776,81.57476654968102,20.883945022682894,58.0916572074803
125.20867871095876,89.15074363978383,20.586474594222707,58.11170963433035
114.6240386235845,100.01482039628338,20.429716408375526,57.66120123241521
107.91714024097811,104.72229222077915,20.285347623356355,57.81554392985922
108.67522210956511,111.95973678436914,20.111819994580795,56.99093575513287
107.86386294224187,102.12682331536118,20.43768395243437,57.04925880215756
107.39610094841429,95.64362829326906,20.31559242151959,56.6317319914834
110.0859287006423,89.93075819519714,19.999335278269623,57.30469222699493
112.12755642969582,88.47227158411174,19.901729405886478,57.50032979967537
112.30902730160099,89.72418447816331,19.90139025359072,57.658045950353966
113.80679076196488,93.26716979145246,19.784667301292497,57.62353368254031
115.81079267870722,98.45157886225387,19.476795360965788,57.46482429795655
120.84824537642979,104.51363721752489,19.442749187932762,57.206648635082956
125.5739013475327,111.61778239994888,19.454103757262583,55.95870830685607
131.03237995687235,110.71775561243535,19.393588036386024,55.415900229508836
141.12962759796397,96.01851477719285,19.553579219656875,56.11458713070674
150.6644723106102,86.38547422045696,19.848220086112477,57.48651083451057
149.82110259485233,80.51702701691732,19.877377830654634,58.029824614148424
148.64623032649058,73.70437661628091,20.037629664893977,58.79629877815319
142.11559037487353,76.9611795318464,19.612121772107596,57.96526149713209
139.4414997714075,81.10779920917814,19.263869434880696,57.56408051496615
131.6227550337963,97.06313640976836,19.419983215828196,56.72790524403473
116.21443042881207,105.6275640023952,19.325524408828887,56.44388152545585
114.34438850132634,112.3119780181327,18.9424717434146,55.464795391563854
107.95762551426064,103.79921720518016,19.22114660518028,55.49993577662423
103.55169466820644,97.6326604518537,19.621422489488406,54.87444733167801
103.5490010152098,95.52877458593262,19.200509120804767,54.58031839060757
108.7945852563908,90.41144782466345,19.24245507173133,55.22693823699845
116.47890459588247,88.06475148223859,19.373014352647903,54.797658364017366
121.41486922701615,94.54570691932696,19.23543910954558,54.32215476980889
130.9445887792678,107.5727640170814,18.872279530799116,53.346724427449416
138.22324816322026,118.97192748444361,18.896401688492325,52.23612065251504
144.9081712762054,124.48797579211387,19.001574917478145,51.83321829681809
147.8426515266247,128.42979379085887,18.97176389173714,51.96580429945013
156.4422996742117,114.65274289602733,18.903975470098345,52.81428436975287
160.3365976119678,104.26130497454218,18.903760217449943,52.51282679292335
155.50054006783284,95.68796324444091,18.995846771784247,53.09364187544038
153.27818719864928,95.4901507040596,18.797432221302532,52.476796472423075
150.398552470781,98.08483662970198,18.423882978156023,51.98703103974795
143.7688635109857,105.03463316094508,18.175049761882367,51.30633865780375
136.3876535720598,113.04313862495721,18.058334507898245,51.02363215788007
121.41372403846785,120.62783395504398,18.024057802377065,50.65556634206687
117.69223805019327,118.53454490331842,18.225401608912794,50.67716641817424
111.06754745134324,112.94054580208157,18.68486581442535,50.62918172575047
102.509134047136,101.37529361659116,18.76699222916305,50.76577053886995
101.98292589451337,94.31020549051644,18.649592755676032,51.58356123193739
105.41778810661933,86.8646857661853,18.553427901776622,52.76106346441313
109.50826992021472,85.90853157889654,18.671606158435935,53.21751182026047
115.29811088623381,94.97270885735976,18.630210435504186,51.994106451566466
120.28942937690954,99.73452182966372,18.41653249956288,52.85228592688041
126.17956773775123,112.48906857121489,17.89689401487902,52.14041458122925
131.88106672686024,113.62326802386701,17.677203684366102,51.85632511081576
139.2873258339924,105.99064026519585,18.083249503610034,51.5431943213954
145.25391475114847,92.48025852240909,18.327747870164604,51.239702817344906
145.73118255335098,83.37024401240733,18.57070534208405,51.024698039130634
144.6670785098662,81.90304186417075,18.41678414133388,50.65642351213272
141.34562550391598,81.92426674589684,18.385955011480203,50.89749397039074
135.2823965373588,87.94593753276384,18.264280238906053,50.62989874217677
127.98245362420224,96.68267110599484,18.11642245865181,50.33643571558781
121.11936619495476,107.10816195627885,17.794144939827426,49.694262913945586
109.86282270650119,110.16820621459802,17.500833525010943,49.281282894926875
109.81761086531156,110.59680843298091,17.431489952203137,49.153967493386
102.86275718792051,103.45717297936157,17.730978305215245,48.813389195607584
95.89582727857402,98.6734631053894,18.30341367780226,48.56772148017302
93.68820805050734,95.46074107775797,18.09673727034919,48.76234440277597
95.656385570671,89.82489718608147,17.813746649959008,49.630975087740296
101.41967832410343,89.7693436190142,17.66930034902677,49.61209197200266
104.20632731107237,92.54030900433125,17.438620840512478,49.37645611942882
114.15719260158981,103.50169691780053,17.112854233476614,48.735271707895535
119.7082311557461,108.22191735702441,16.87297976951217,48.87045338804154
123.98235633377661,105.98387346313608,16.68908640808008,48.6851232146976
133.2426093960927,103.80191324050739,16.611905326172515,48.542707447796786
134.58280332400014,96.68447586884811,16.77547584819574,48.69830992091269
143.69637542486385,84.62944075961019,16.917664913680284,48.66077424339243
145.1680786043959,80.02397960800725,17.158333910145934,48.48444278530681
143.47112285885328,77.74208478570495,17.247253202287084,48.37650858729059
140.59235398894793,83.72816830068469,17.20726458253968,47.8877285507393
136.22782234507943,92.18631922813938,17.32753461160967,47.32344886685043
132.51277998136223,99.09645653096918,17.241291004235716,47.51389832887881
121.84441485247535,112.34736792068855,17.423257086594454,47.68702328808752
105.46763635399316,125.22581463778525,17.19921017120531,49.42956146400154
101.71925999854098,126.33393869846783,17.912480807372138,49.345647574966705
95.70506865626844,116.7061020680101,18.40362918558177,48.798700901800146
90.5544593843984,112.20356563843058,18.094141399976145,49.0473154784885
91.23993422159667,110.93265960754331,18.172153698769915,48.598766803416076
96.12525611738532,105.95795763989177,18.411266949123757,48.373534851573176
102.62979094037557,103.15159294534816,18.475466193524124,48.766086590208744
109.26970087972524,104.83207353475052,18.741549520696378,49.48080471361958
116.46396314583637,106.03835418292033,19.201857118906233,50.029246005552075
123.48040443879519,103.64009008982829,19.48062671652129,50.26339721572296
125.7913043483164,103.37657082509679,19.338869831896606,51.25229824966824
131.11006278503538,102.93157925103634,19.33038032509685,50.31387959381881
136.33615994704647,87.13949178150506,19.25839401651657,50.42560809123097
137.81707076248816,76.66767616952586,19.386038003766693,49.35759685913468
134.00054570008768,71.01828019250473,19.186025956631653,49.01464706055242
