111.5,98.5,25,101
111.11968982882689,99.39913948058106,25.47363011703112,102.22443470003174
110.84422810136586,102.54781812711282,25.73458615423622,102.66105377110395
111.017008783323,104.31678437521042,25.893264170681558,103.41402532001374
109.44437893454003,102.86411501101523,26.544439748450777,105.32840625183047
107.24451891606537,102.54848356723204,27.517581740508703,107.1662982964632
104.81814908053039,104.65794448449003,28.95169701048615,107.6271292886379
103.92536209755298,110.11885666721983,29.98748728169688,107.03663617623005
100.34521337710086,110.30937774268293,30.556888116155775,106.40148884480193
98.79569224609202,112.13529642789828,30.457328655456205,105.69675926627184
95.50185245615626,113.4266654534248,30.515409522406586,104.65441885926177
92.18668546809145,113.9017530200618,30.16944802734477,104.96234030172477
90.61388604178319,112.12010103429571,30.126610610201173,105.8944680399653
87.28165963227781,107.90794596497636,30.53099358210499,107.52040877095023
85.98024159490487,106.35633649588077,30.481646839391775,107.87197713731828
87.89871832730742,105.45587309399879,30.586404323530772,107.31735603611398
86.74719257404736,105.90380830153072,30.59747866292136,107.90725525052856
88.25763071899101,105.0287460985343,30.494635019213263,107.32849553176555
89.68320038801443,107.60992583995038,30.21693527924991,106.22959782948149
91.37550858549645,106.41946917794962,30.227810961159676,106.16949996306857
92.85721708763495,106.779020570321,30.61636176846714,106.4446338860132
93.52031717523883,105.16366264084868,30.894285185636093,107.73061743657009
95.59767506747286,104.35987346377179,31.611236786269323,109.0194871623078
95.84159733176914,102.79187026662605,32.76144078730173,109.62522798691239
96.19407761598883,103.75625799955898,34.02279310414675,109.6241448151673
95.94183099493674,105.32207522757358,35.12891840487139,109.12090877756462
97.4993595318249,107.48726000883833,34.83716979896006,108.3713352183768
99.7412239999556,106.37973990673555,34.6753102360202,107.45495934020016
101.96196260423176,103.85870533673025,33.989859295473245,107.1167961460738
103.75984265019801,99.73833634127908,33.651488987400015,106.75779696961774
104.02199709732287,96.69736187632266,33.411969565968676,107.16565122255915
102.03973066803745,96.34818173127266,33.33131971961395,108.17958881106193
101.12042230144597,96.66897072494827,33.16353491394804,108.78073977230386
101.0722963966322,96.06691779124397,33.08262918742656,108.15280413771356
102.78512257888262,97.77020747430255,32.52151859195342,106.06692625150819
103.34791762139606,98.86251764974662,32.31309932954693,105.64562873082023
102.95313570764222,99.33368249001104,32.27334928280993,105.84588218208157
104.19204729953236,97.92231237930332,32.46123392564401,106.17187514817171
101.78762676985377,96.74512693805691,32.50624813792477,106.2839490965367
101.51892455346996,95.61015545924495,32.7113995020069,107.22264245947221
99.41840038660918,95.30809715482538,33.474728729054256,108.84039124661794
96.19206390952633,92.7721632506829,35.29737009752661,109.04004950595271
94.3213348464626,94.31500669984317,36.70842871040942,108.90966651502657
92.96937940503099,96.35349560043854,37.955628539424374,107.76266160087502
91.8437509473282,95.26923842529447,37.9058183409536,107.5262427369755
89.37311788778628,94.58592898835556,37.436627325790624,107.33732677122323
85.51049930887754,94.84983143673585,36.58698006893523,106.9631195869794
82.66886693745874,94.30146922282114,35.37091705679846,107.20907580630512
79.56726075233928,90.46103166233924,34.62049993332404,108.10781305648035
78.09364160556133,89.04743993938672,34.10034912012944,109.70487918137098
78.08379768701529,90.66704774785696,33.740019676642895,110.12510741971616
78.86928429978653,95.10995213289567,33.089848805913064,108.71641189655645
79.35240904663652,97.31750906793437,32.37285973778067,106.233869079984
80.86228960534041,102.23871998776025,32.09869645972837,105.5638143362795
80.68590732371723,102.08414759352863,31.80685282337835,106.20164458721757
81.9601296944997,101.0317800657689,31.8322379711109,107.07392701174032
84.96654130876666,100.68983947250453,32.15389025984989,107.63040976696796
90.12448404403858,97.1419769442134,32.486381254149826,109.37019114374064
92.63307811665699,94.91854313656124,32.857939847346834,111.00163503200943
95.24346547924608,93.06189483653705,34.33322768701851,111.72953190900483
96.77707409215904,93.03274180300465,35.579551396708936,112.13078176364439
97.76731471694455,93.82516083689636,35.622536495785994,112.07687695677865
99.12863609261896,93.7619450029733,35.612599595038375,111.45687328040555
102.2865028638307,91.1585174896007,34.96887027548476,110.92348487224476
104.6581431537048,89.49987899574344,33.78969663695972,111.44975481802811
108.053571539713,88.13743130361472,32.686669359419625,111.38752986003092
108.89551446959437,86.2804487646498,32.484827004371844,111.78938499075618
179.08933679694942,84.09509762501881,32.77142246196646,115.14227096485763
179.7474006215713,82.79116161101474,33.02240046362449,116.79503506554337
179.98577836319294,81.81839403804534,33.523342054794526,117.66449418075098
180.59433448695594,80.73155834555456,34.44765327108992,118.63825373292309
179.72996241726776,78.67508296575367,35.36360755307875,120.85614788718581
179.40799261335755,77.74509367790343,36.19569798401545,123.14181356734989
179.7492378304373,78.20515268707928,37.023581261441954,124.50965655516274
179.64589079809528,79.83780377618807,37.611186527364644,125.58199323192562
179.9490094869564,81.981631239362,37.40365394667185,127.01311500845861
179.69125068774633,82.84700527866323,36.99767276960981,126.11678284248434
177.33395724559907,84.40719723886352,36.3001135624432,125.70606708156863
165.74556792030882,87.36793100319798,35.7878014842639,124.12602306440482
104.18534944346924,96.37501854488028,34.27142050581418,122.89344130379413
104.65500464041838,97.25084999334902,33.325918347423354,120.8572221968156
100.82930766535341,95.20339766207154,33.55621931049274,119.37082612389693
98.96578121493808,92.60500369383581,33.68188757158342,117.84892414185032
99.59383001403404,88.78956492895875,34.29727246488473,116.6693396736186
101.17780237774686,87.10341591158772,34.68833585894955,117.30293111961555
102.68328503190224,86.12617534956244,34.7976427102152,118.126043964209
105.89964310609359,84.82540064773663,34.59932349634178,117.86262316064628
108.36998322977149,83.46762298754687,33.99510813088297,117.00654204265604
112.4000349641793,87.91023192018791,33.137944649249974,116.4805790144101
114.48569445435176,87.75443819896711,32.71389291515138,115.66253767934775
118.08450620544724,88.34627470912832,32.676792350735056,115.2808083188077
122.99632406223367,87.84928022182916,32.49051339527989,115.36298343823483
125.43017143933906,87.39101121272004,32.40992753923193,116.07419965276407
126.59086292382767,87.70523028531122,32.859548054980685,117.46295482499507
124.6691010103569,88.22671636900272,34.82463972726678,118.88450454253027
124.37986644685633,89.39692770878935,37.954704542134124,119.04353707650375
122.16656938595071,91.98414930241684,40.30297243866458,118.97417354012768
120.70991252126304,93.33704575291087,40.508144841135646,117.86814129072806
121.02710519519295,94.03128955549994,40.232788637324504,116.70743252263468
118.7123092715158,93.70823629994017,39.37120435629133,115.8994651278094
120.75685292061972,92.18169285151691,37.687760759636866,115.60676712208328
120.08062331047626,88.24495363814677,36.48214479033335,116.53053327236483
119.76200036591723,84.23226530247271,35.49413819417612,118.10371811403155
118.10691807103046,82.73163440976384,34.258707614882255,120.4741451411676
119.52812437822165,82.88997045482574,33.362277933544334,121.16258331486824
119.92277353795068,83.50652448306681,33.00611598784459,121.45281786779162
122.13170871088263,82.61101847027598,32.22229768017341,118.27503220965748
119.11784064967432,81.58770745781271,32.21929020365206,117.24866238659206
116.90594966230367,78.80576949514678,32.24675088170147,116.51468198105235
115.82671753319158,76.65792954831315,32.220091219484985,116.34007645907019
114.21218322079105,74.77202687024918,32.49365137375075,116.65244969010658
109.7759781135725,70.08512230812124,33.96383514012876,117.98662697079556
103.51155885898457,65.94266699194394,36.642407192700624,118.99138671279982
98.52012102138626,66.25097427771314,39.41422806595634,119.82787639884504
93.76520303238527,69.98952960811289,40.199495676953916,119.38329890683826
92.91750649839892,76.5634282184934,39.67072139797228,118.660338798504
92.53691063913158,79.99162105065585,38.56010995202486,117.75843139803408
92.56576289973734,82.03667806629743,37.339250709553255,116.9952710162718
90.39822097071145,85.3127617891724,36.31399111133672,117.03553797680237
87.870180800031,86.55458821443636,35.662277740081656,117.18953275505862
90.96832666567389,86.83757041212749,34.837921853217274,117.75101119643784
95.1712238835009,87.06273915191127,33.92113918208961,119.42193316778274
97.19204295986225,88.53985567623744,33.45270053994125,120.30051719676715
101.0753382117533,87.79719575669169,33.049603001857385,119.82386015006304
105.03196420600105,89.12363014060756,32.55428733843513,118.74424346410235
108.65480799848035,91.34958436644216,32.07992772588864,118.98452613639554
112.18569241863256,93.47655200567196,32.01724049721753,118.64453319497207
114.45273706708394,96.24145929265102,32.22976374914289,118.79464215540727
115.77241452683904,93.5070411850781,33.07892849821177,119.15984401310072
116.47469085686524,92.50454266714156,35.4494138420809,119.93843066002725
116.52261531963403,94.85549094197467,38.129649816445664,121.16389226084323
115.67675356616485,98.8053345542024,40.93553851026604,121.81442266486675
115.70644412585692,98.67648961733596,41.80562834720743,121.5456493280169
116.97127413429257,100.7795265359404,41.283797758055236,120.754254302835
119.27303872293216,105.63126946665429,40.01186161742768,120.06080204889014
121.14389226242565,109.05734547068046,38.424953522968295,118.73904221079019
124.81829746658411,112.83163079784136,36.26322731264939,118.59196558265248
125.85762662261843,111.16356713595773,35.34265959201144,119.29958648437687
123.9189336739098,109.9955760491643,34.97479812538449,121.02238319262791
124.42020379096216,109.89984016424239,34.77497289477024,122.24593525517344
122.64501911304951,112.31096265056672,34.88448484016461,123.01073833626621
122.81252538894019,114.12066494202843,34.17579908777597,121.6132623498394
125.56145957476085,117.14667599967456,33.45774543628845,119.80070261018801
125.64991650774726,115.43114192312709,33.69799440591361,118.72927499759692
126.58124808404185,115.46303229740535,33.96009021214098,118.886232466275
126.86774845588475,114.87116119079019,33.59951771042333,119.01852144674011
124.99850755098443,112.60106578207649,34.42139905444944,120.96452691184209
123.93652377808313,107.29780263668917,37.1717348844775,122.04474228190138
123.29523564448947,108.04771803714077,40.17635764614877,123.01958594427029
122.29519805316335,107.63401012162167,41.97590389420305,122.64039264540278
121.80194828404412,107.93253087506548,42.46378646881656,121.83766470341173
124.39788159833624,103.61462096834862,41.52435981597082,121.23855066369605
127.48739090336534,100.93218439395056,39.68985843690018,120.7828223491743
127.19297646408586,97.89901197177159,38.110678987975014,120.2851870909932
126.52338245922455,94.75541761063144,36.96655725190906,121.03943351819902
124.14714415244663,92.53718171203138,36.24099793864606,122.6818245811462
124.07541173194485,88.79851354863007,35.733565395959715,124.25302677937827
123.06291681367651,85.31248534501256,35.75800400874151,124.45115883587475
122.79094726146633,87.566830323087,34.87638430769618,125.26406454851859
122.17958733677415,89.24959693282763,34.160087576498896,123.77981043994586
124.55810157566602,93.89250649835306,33.74041518926081,123.0120920474204
128.89555783590814,94.5979753178778,33.6147294296408,122.34067185870354
133.31923220473647,94.69486290543105,33.50174806258963,122.25687758716292
134.72698844823861,93.2281612910619,33.31046977510927,122.37263025933692
134.7695641558583,91.66172001952057,34.817948865431745,123.14075097304334
133.14692111470967,92.12863987425303,37.31337251524911,124.58181756507685
131.00920969213217,92.39977623856402,40.10194140322788,125.48126067297983
131.09911717736426,94.15287580845735,41.66660310875098,124.80167495940165
132.15398374130976,95.89308472003918,41.2644441099646,124.50902988709247
134.344728539435,97.05954913961902,40.161147033855684,123.91628332847327
133.72191972629054,100.45360424254626,38.847525272632424,121.8733871080619
132.7375195653206,100.69400382031719,37.846566845564105,121.45081787576834
132.16320074293668,100.31209415233832,37.50438312879021,122.50718700067794
130.0251278733993,96.23914069890472,37.47720989050903,123.82973584861571
127.2466885396617,96.60914505030473,36.803955024506436,125.1765589539059
125.30361714660222,99.36110372453734,36.22943067729408,126.66629919439941
127.63398998180473,102.99384463704558,35.25458903292056,125.2606000651532
127.92933393949622,102.79575849849472,34.43903268585024,123.49566003375273
125.962535813366,105.61654747262466,34.14575172558626,122.9562463539865
126.99320743109436,105.84396092261333,33.636875478693064,122.3498045347043
127.8835237031955,105.92569756605351,33.77947858932174,121.85448608352493
128.0352479104075,104.55153687525774,34.23872930209499,122.131995859663
126.68016491120284,100.27671411073351,36.28570582973633,124.1262143142791
120.23354204246053,100.05129200382598,39.51730281691579,125.10598823848233
110.92740786013943,102.30580627455302,41.4906971276029,125.32493697287663
110.09495300425681,104.71653550308655,42.500443968484205,124.9379424936233
106.1914750794247,101.31025227554964,42.25954920932273,124.30653874529744
106.24888597046892,98.94459365638812,40.64943094896281,124.17915475452502
105.8999542484739,96.48200031131816,39.23457652605527,123.68913358181095
105.86518676529991,93.94273326842772,38.258291733034355,124.7885078355911
107.5034904714762,91.77441052837106,37.767161720507836,125.67605115238959
110.89302397537358,88.16735470431689,37.633390809514836,127.07483944768421
115.31219377723869,88.90959108774669,37.841209996372996,128.17617638846622
115.26516975911038,91.91923896227522,37.678962828467,128.36548306784545
119.08365494530435,95.5630668704063,37.1336338821655,126.65492705169314
123.6199864037322,97.96666421424398,36.7463843259055,125.806958495457
127.74007125345216,97.01805397162731,36.023222454224374,125.36899559865603
130.48185698464283,94.41681903009389,35.9471627029636,125.01141308685592
131.45624381434297,93.11827303765313,36.163592614882916,125.64543217573373
127.63582973671072,89.3568692696583,38.522759259679916,126.7209464301682
123.68185105610216,90.47800904018915,41.90142928264018,127.94457660857367
121.5853400448308,93.59564953597463,46.01886421880337,128.35502277459548
124.73866423320204,96.78443712446297,48.48916763191684,128.69012984478067
129.0834847880638,99.06389048045753,47.849013636145955,127.43856613892558
132.1860409985303,100.69959141438736,45.36790953697506,127.28224295873378
135.5907470693711,101.44796920702488,42.82488104321212,127.11581238089738
137.753418914975,101.47367550669323,40.7537013324884,126.51718563113192
137.3646053358948,100.11916311047838,39.246925404940136,127.95933324918417
138.15585509752785,102.98383850959817,37.61691258298374,129.9496074471299
139.24616308294787,106.58674261794167,36.52029278886336,131.35785581766214
140.93984721661224,107.42877454985242,36.76762815770403,131.82710749796905
144.84531267320736,107.49069369176746,36.474285859931264,131.4878440208292
142.07342361739472,111.51484872957849,36.411442229308044,130.33328938115073
141.7194531250377,114.38109260896806,36.28431004097598,128.5009969825553
141.01245847458017,117.51683405828373,36.24148040363572,126.95568843847718
136.29896627264685,121.65171584029264,36.58829417609368,127.17295395008193
132.00929259212504,123.81490753743509,37.37913264507796,129.0755839987902
126.34737521702239,125.34108341044634,40.24320863673833,130.14828136699498
118.31438910444385,125.38614624841341,42.912764197771864,131.10247162524206
115.70199061525457,130.82775885942317,45.71533927711784,131.71552707338856
114.01970427815942,131.48370831191883,46.91898799348343,131.64553004293947
115.84471676236896,129.723333825627,46.63267009064663,130.87672012804143
116.00956576581821,127.56560088081326,44.69009495323971,129.09720959249802
118.1265580074514,124.30930508930157,42.265298239863185,128.22181070082047
116.50783587221017,119.782587621226,40.314026098755036,128.7356004419643
116.86341591033086,115.75728381053536,39.032059996054926,130.4665445387179
114.14396462379881,110.75468924432191,38.90389876067785,132.33285008044655
109.56396053600028,106.16980880973802,38.72225692711963,134.46450069341927
110.01504354495306,107.73103274669201,38.910646457882,135.3667300961226
110.40113277645953,107.34235808649443,38.27294291311531,133.8766870195909
110.32788616464128,107.09745112377327,37.61030868676249,131.81456670278467
107.02654961901986,106.98117321091362,37.00497396550534,131.05593245262963
107.5574289476866,107.43980188868106,36.837922868711104,130.8941175972092
107.70822603793528,105.26132525524835,37.33101095254177,130.96281231152335
106.59250256955471,102.7847283009605,38.571955710633915,132.5378774530855
99.9819381519425,97.00630908140826,41.77171461177632,134.05321198593998
91.46125016052537,91.72701220940647,45.036193164190635,135.0332763720334
87.87211631774733,88.04971849253116,46.3756566047516,135.00112550546055
89.9438997591079,86.37883422825038,46.005661213271935,134.53880114995837
96.92045574368416,89.18846479504874,44.61045825596023,134.0502301141705
102.92465089548872,91.60461787792016,42.04784489174317,133.45989734854362
110.14236573549589,92.40299454789638,40.33902825646763,133.33841416068316
114.48932870159143,93.36281247219263,39.51080924490032,134.57760919320944
115.8057726813403,92.80022766625231,39.18571824051121,136.51068453867543
114.75810853996671,91.98500864166697,39.15111555020543,137.56584734551748
114.53455503906667,91.74800866241866,39.24064040011571,138.45703407087697
114.65476177662462,92.95446422721542,39.3801587325178,137.81275070407793
116.39385383641672,95.01940086244737,38.71096604512355,137.27746499808242
116.82874268609386,97.56932732326561,38.372758959153515,136.08423639361513
119.00189826723265,101.59814746027158,38.53130772119235,135.0752416159716
121.28064917905866,104.75894411842309,38.1331238678162,134.97462322184876
122.33927108414366,105.41256221658882,39.151466319395475,135.09037353293306
124.48956066757106,107.08224086855037,42.94857296644449,136.1743031438354
121.67805541192523,108.39704232175157,46.917282668829586,137.00498709313064
119.30270682636248,110.98981024597498,50.822235528145555,136.47020283541258
118.41604519201087,111.38554727136724,50.752008353199486,135.1938984349443
119.58998589083079,112.52509648924504,49.33229400067606,135.05029351611068
122.5809973447965,112.94260770909679,46.54585682043629,134.607879689183
127.12609558757548,113.1395711017383,43.974343768411046,133.40918481842024
130.6962791733351,115.04903978861296,42.238828987181094,133.35553317503286
132.94126265422705,118.13496178355753,40.60486077989856,135.15853221035124
133.05785040005634,119.4829470792949,39.42447235374597,137.17858124930862
132.99750654891798,119.73235619360675,39.742709056405104,138.14234453599713
128.92669884378955,119.82534791127242,39.98862687297297,138.30602805375264
121.12885629870885,124.085471878328,39.732753277831655,135.18382232163734
118.20616846300702,129.80668503411005,38.466093674729706,134.46764761224605
119.18078951352774,130.5779242494735,37.87131133626151,133.13876709013522
117.73613534899421,129.18253337807192,37.94744398707538,132.1237469644997
117.58720120906739,126.92856461408115,38.83208458958376,132.89822883452223
114.74178555939544,123.83379428793728,42.071722079418386,134.5413403295529
109.6504292476646,121.85098443138025,46.345630286223546,136.0322793805118
105.10145535859554,120.49254694519504,50.359165966430766,136.55443122360975
104.77533000735161,117.28862286007107,52.670802588489536,135.45539243478177
105.44759319826657,116.88682546787389,53.07795979945595,134.58845058186992
106.04546496674865,117.34941824732209,50.723453688295926,133.73002615157793
104.04010280445138,117.04452232828027,47.53492206959213,132.62127922852267
105.23015892150005,116.4575769048988,44.20506221348171,132.6082439488055
105.4404604893943,117.51125417741528,42.1201960676682,133.08773718590754
104.43337919312853,115.82446176689278,41.65140725753555,135.5665666434882
101.64742164394156,113.92580581657565,42.39486356989873,138.7495323975389
99.52413356959102,115.99192850869024,43.65371922909787,139.364445540684
98.76725145895668,117.92671856441034,44.21461689610628,138.887849581084
101.07901552504029,121.79933882568695,43.258332483040014,137.27116054168508
104.09943066077545,120.71865490593328,42.663309191702766,136.06833851798746
103.4012264864584,124.3843001580465,43.08390021760585,134.7596539097571
105.49067670934775,122.75689423641177,43.66128353189795,135.65064853806075
106.86805941653515,123.09637016402866,45.77560867462154,136.96290428246687
104.90000473206936,120.36734851122343,48.93664123700785,138.5275962716253
100.3584396371501,118.84698588894103,51.52116331451117,139.7218311330419
96.8665655594132,121.01387144960138,53.85519080119224,139.73181430325562
98.75464209068565,122.94386156643168,53.26145489295946,139.69880321632354
101.84601841028744,124.17818426243251,51.720318121370646,139.56390401916136
106.30787216558198,124.30396541025634,48.74881197720612,140.09508178002844
105.42037908347935,122.9629115754799,46.41509214394435,139.91541619709415
105.94157799620315,124.6884259887939,44.19509667655185,139.59389157426253
102.48539393239143,124.26672693327272,43.24500466776173,140.73469018965554
101.78003022457362,126.81821451824808,42.63598935611768,142.2714149556179
104.01331632360404,127.30403105032889,42.31631828873309,142.96748850022857
105.70979265431201,126.39096042471832,42.75583151438687,144.08878599191297
106.52933968703499,127.36793096369541,42.23931368566577,142.5124555675976
104.3166617843048,129.45320126358706,41.832422233893475,141.89633758477294
104.86446592031425,127.9677932653571,41.36831217945728,139.6403521858166
103.07840658316998,123.24866869862149,41.213910792252896,139.35025640199046
101.03046933591305,120.15952805543445,41.466205040795074,140.16144841681913
96.0383715190211,118.53284015814467,43.329602563617065,142.10184117535744
89.85437902920997,114.23619649749078,46.99328666280721,143.2192197404091
82.98966310630357,115.92606600626515,50.92157390870544,143.67071493955044
