147.5,110.5,34,33
150.36291535860744,114.31448468339778,33.253983335366904,34.09696275448128
152.91215244922665,118.5865726328806,33.41497961692756,34.02833559971732
155.39902379720556,119.34810623872555,33.804614492075686,34.2861249973719
159.5284287271302,120.0879908058436,34.19472945980209,34.59988334707591
161.91720069399742,119.33746597706505,34.26611636179157,34.60332100512129
161.06917644487064,120.74315460740098,33.76738522556942,34.551777557163064
162.57389423983486,121.5663985682065,33.65849714006598,34.60622488011229
163.66317129022497,122.15146780216219,33.4307174705144,34.66578042102812
164.492894400773,122.35630086320928,33.1226691213895,34.760610873335764
166.2526348349816,120.21293872059297,32.93352291636341,34.91688204882719
165.020246047584,115.91726257506869,32.4080978258296,34.94142945401148
161.5051288714181,113.75778417945055,32.27922687725812,34.332817809578806
158.0333775567521,111.60327593102042,31.908911528684847,33.86439566584458
157.83785080254276,108.08975140761183,31.48904956698023,33.71196272947695
156.0523506339983,83.20030340018462,31.234882009705753,34.05797452802277
153.09955783532448,74.91831869289462,31.48122450021136,33.571557513769804
149.39955353593848,72.26493976774645,31.86912429618789,33.74762669676875
144.90908012265814,70.15114553745983,32.27629583130574,33.84900446779733
139.6856573981887,68.75985111195821,32.91649588687302,34.09552011094534
131.62109170698693,68.16023820153504,32.600600871571466,33.86488212125242
130.4525256963555,68.89922739898788,32.05285735686939,33.68724437881258
129.9791396491275,68.93727518604265,31.764174772789957,33.534596473255434
129.93986773776447,67.82668191604961,31.53530054713417,33.55343072785637
131.43101804851193,66.66482138929341,31.593222332026595,33.557873302746344
142.04767755144002,68.29085341101742,32.772539129393095,33.340051174047474
147.65458887371608,71.64679641009224,33.394703575905375,33.863420417291884
152.93529190291824,76.87350436180358,32.86144521494982,34.81463708222856
158.48716478422253,86.2376951897859,32.36019655317129,35.62308823571217
162.51830345793798,95.54431652768058,32.41030781658027,36.173179452745075
165.66072546820715,116.59662579419569,32.52071459331367,37.44042905325976
166.90928604483076,119.77063193062989,32.820390238772475,38.164588945308374
168.18107946569853,122.63155867792648,31.918698333598492,38.626735465973965
167.91485793601527,108.93322256661432,31.444931781072356,38.33384584472624
166.81531088774153,94.05565203526925,31.591410950327916,38.062051330023806
165.42855397108082,75.12305526057553,31.898970479907895,37.7923381106124
164.58399507270778,64.52800900680798,32.28421211507867,37.86859432969535
162.52429150962672,58.25339337786832,32.92606062841732,37.057415850941375
161.75689905438523,54.90766423464825,33.160518357084186,36.38688034770866
161.41944389130745,55.16394384716733,32.23150786586454,35.9040001584384
160.89425873028839,68.490473045167,31.451513722189215,36.350812444201786
162.65051665060523,83.07788737556042,30.506562607431356,36.6215862004071
162.87278569382008,99.15354128715566,29.793440984853568,36.97128545729474
163.49046512473896,111.24886392594536,29.750069875930272,37.40228133877298
163.5004273809291,114.86759786475022,30.247017769555818,37.55590480790397
161.53135893994332,109.0627026156526,30.599132036094666,37.01028644684628
161.04982985169596,97.17667824576857,31.20168036995517,36.52704229415829
159.26532688126852,93.35539477177298,32.247726363224004,36.06871431417095
159.08788564517096,91.4771460517265,32.390254369100056,35.1762826351538
158.10706279318327,96.2468566176513,31.696078988099178,35.26392239350194
156.6554469117019,108.77976298866702,30.97772538195185,36.476927781963695
156.65943843362828,121.71326359194299,30.180152456202123,37.003523224581656
157.70416616789376,134.0436648564866,29.43064981417109,37.75470418548468
159.84454562549593,150.44757970189895,29.134432791972156,38.15507685672052
160.71450471652003,164.36660177216655,28.955893088927816,38.85070314160037
158.65645032563458,155.7128084902964,29.058978017396743,37.720347200457844
157.48009983211944,141.0180205560816,29.282380794282943,37.08122510135815
156.71202420165432,131.07351287749663,29.570938652350677,36.4401863661209
155.35244046414192,119.70463441897829,29.95078356038938,35.70978456123373
153.95866254458394,116.78124481207989,30.349675153899845,34.934560219732674
151.09598885684224,109.49802090051162,31.23606092812594,34.218676576194426
150.19618777340605,112.38941293961538,30.65285607862566,34.43840066143903
148.18550719832135,116.94110156216057,30.111568932438864,34.92298365957376
146.24883477589054,125.23079926804496,29.827662896105387,35.72210349133523
146.0179211825784,138.48546533654414,29.681805947292663,36.63495725216404
143.6156305436392,141.2114259964966,29.575063200970575,36.866902433113665
140.69387740684502,130.86797413210462,30.053515344004758,36.53022751809871
136.91596546485215,108.45408871128308,30.312165727929482,35.99143647009339
132.92148999743006,92.33511474902926,30.34866161898094,35.45653435797992
129.17210447364164,85.38111823240908,30.923677497642977,35.18198935868854
124.20449329205266,77.96464186991568,31.228980808696917,34.61555567773052
124.03591738293572,77.53393741477772,30.861596308151803,34.32079362376541
122.71734827367325,84.8456835164821,30.193896107716164,34.38494542517844
122.54220259255906,100.8568760466419,29.610502584442678,35.023319337026805
123.39720940359408,114.05690747804883,29.247813810547726,35.046602040008835
124.67182688862505,137.00493139670183,30.142434126130283,35.22297241559345
124.74432021145873,138.2983093704518,29.72405876686468,35.918962067840255
126.16848125646243,123.9338411669969,29.569377624199205,35.42583541017484
132.71813722689828,109.8199278982976,30.32464751621323,34.44719145807149
138.4539699343561,94.4398110441573,30.66451889023802,34.207654048188026
145.08741924437612,84.06765718904629,31.6337443088943,33.18956399229677
151.03536835572763,80.31198106214535,32.14523191230212,32.77849192969239
154.6581260570373,79.07018384840632,32.93503774533949,33.19359084516178
158.55291052523432,82.95689935280315,32.23069057637099,34.39399768884616
161.70709674647168,87.73164644349134,31.902004870956816,35.35655985817776
171.92488249491265,108.83719730690063,30.66558155217544,37.05176153712091
173.39663556249909,117.82885893033156,30.68094845052616,37.39117312302271
174.85978245352675,111.74954661490827,30.626438640257355,36.71416256862763
175.2663577620913,99.69942577056446,30.71648894752476,36.14737392284256
176.79753862011586,87.21313224226424,31.20313846194439,35.53012485883757
181.11989320583749,80.28968441236256,31.619139243809208,35.21403280959551
181.34543288509343,75.87511362319911,32.20608776787334,34.51045191477786
181.32331978021648,77.82669754500967,31.553996245293074,35.10684824199415
180.24814305878672,82.4764916302058,31.19471471653395,35.821977173652684
182.28320605848148,98.57947494487983,30.729648817699882,35.81419932604289
179.52012976678958,132.1373795857134,30.338449201529215,37.22781661908275
176.26753769971762,140.83597486520074,30.816384953104787,37.491161872486025
173.4095062824053,133.7987409274653,30.59223792215938,36.87922551974648
169.28519086024062,121.53758855198123,30.716423804940867,36.02157879366383
165.85874361592587,112.88337084092512,31.59607601070293,35.38090609199674
162.85760517299187,105.82953640096346,32.00915716826895,35.22120856261829
160.51299258692427,102.3232309259694,32.17147728058969,34.88091662335473
157.69111467799243,99.97410186322284,31.86622129578003,34.43133186478413
156.21061787159937,104.8821762265771,31.014792871441493,35.23108794612003
155.06953765280923,109.45525650842148,30.767255652390325,36.20762521263147
150.6770170593876,125.01223726738833,31.19055768060319,37.038722517329596
149.25554553036343,126.65577619141179,30.65218359997963,36.57562285493637
142.67953775643437,112.06261174728863,31.05296795429529,36.05431967836334
137.64618702084113,101.14560371827486,31.39053486585044,36.090964825746354
134.85257573248512,88.34146516445477,31.747662056057315,35.40127783731721
129.3551186343747,84.7956809121997,32.16681636458288,34.50949749539179
126.47780119922943,83.09602231457947,31.991574430521588,33.66692330650751
124.02388735954285,87.48828543852133,31.04418226889132,34.55408418478345
122.19257303886562,96.036108454031,30.14899678899946,35.51356625129829
122.87991557420774,104.4792331780291,29.495603916019512,36.121360153521806
123.09423579629495,124.16082251474727,30.11369637437195,36.367854026472195
124.65170590054878,122.8943692959546,29.59493493592961,36.5017676871868
123.34033905739227,116.6129926269107,29.777099698292417,36.141952704046595
123.30187701692473,105.64321965199255,30.402815426184894,35.76777032136333
126.2699387300414,98.49941134701044,31.2669515901005,35.413984686759704
132.87144686431037,93.88395339522978,31.929254573576706,35.18478611125606
133.12153332794995,96.52688322440993,31.281851810906492,35.608002857467305
135.9844234740824,100.65225471979528,30.82294869301906,36.75888740728498
141.75220197899998,110.18099362799231,30.40525819929716,37.17334867780501
148.96279225555523,122.73463470207213,30.290723993232554,37.48317888010922
158.8670338447347,140.38436639414,30.74776472539608,38.01913038244814
165.28204482719485,138.48663996600914,30.95728591233125,37.020607885468834
170.48542374228077,141.64715294579022,31.595856222418227,36.77408200983003
171.365094958913,132.5790583404977,32.025132687545494,35.73148589631837
172.1751208448622,122.40747150628553,32.576051832395144,35.23118994499174
173.99824477692115,112.5116432594439,33.062937379684676,34.69837591865546
174.3421288502057,95.96523171996384,32.41334203320946,34.76567867290855
171.87582890260552,96.34236701789806,31.105238822483308,35.65278349951786
169.2218781718033,104.60311671101604,30.185213552978173,36.536382074707646
166.9287556510046,116.78959652468666,29.52633473135537,36.94279752366036
164.6749575963379,134.4784290161437,29.527730527120664,37.19759027390056
163.67762785186633,124.25411941080914,29.35315383289727,36.567462688915406
163.01954567704271,108.11838536824067,29.397339685039313,36.10999934705041
162.4360066576337,99.16942489795278,29.910084966861184,35.706881545560755
162.27651354565847,96.07736153895212,30.320749318458056,35.15830076310429
162.03873670299956,88.38749126167912,30.91860970084648,33.985520565697186
159.91221844162175,89.41870754010819,30.638196096954175,34.365585262257014
157.37546985198756,93.5776173686951,30.142145146187126,35.14313589774675
155.07711464345996,102.36030501959542,30.170045100290704,35.812152762083834
153.6264449384615,111.49519092888401,29.762885412463483,36.29684604665604
153.21733758766905,116.36102110186727,29.59958267992823,36.931312714849696
152.93692927609692,110.15653787684197,29.65928511344768,35.98118645249796
151.08814619491466,98.78974827656327,29.884771998773687,35.79250727598016
145.0666325951235,85.98810394606897,30.67329690190818,34.62891590156835
139.64886011692147,84.72798125592503,31.347901688024173,33.85401791599625
127.2503757957235,91.59070136794561,30.300408889380094,34.15302036468457
125.29149202213435,99.81060524758388,29.58865649713578,34.72685396282992
123.01053201539746,111.72869578222915,29.23057405012982,35.30379697801204
120.82738603835999,124.28275142442705,29.12687527391912,35.567933389539085
119.54566486897905,141.4106166233859,28.82021687606298,36.244602741377285
121.08288476320784,150.4033592323901,28.853635030186553,36.79546014421844
122.33278991780001,143.6635646741902,29.448295937203994,36.18334203100395
122.22524192907227,131.13818594184147,30.10922741561507,35.44131003647293
124.96037400877077,127.69245842686888,31.071365390159713,35.15063282230802
131.1717767099768,123.65311834139783,31.88166278620958,34.468522168359975
139.54575434010104,121.31885648090721,33.144810202352716,34.347890882932504
142.9651879530543,125.39819044775511,32.507324182958605,35.13131107637296
150.95410913180353,133.94790909279828,31.614038405050003,35.67862709744382
158.3226715290127,145.59402977579168,30.792065206701036,36.177513890026354
164.14189258073458,158.67442467938488,29.820762156601972,37.16336867512511
172.02701720920516,159.61656483287652,29.535739530825364,37.26056992026585
176.38802971847605,148.01001600533098,29.437729366714706,36.24343152189014
178.54082627997136,136.6639806452164,29.98282040967871,35.3360263815236
184.1486430086123,128.66640164083233,30.79897959308281,34.1203136474939
190.03723140260166,125.19934653005433,31.12158574882969,33.702578127777926
193.4677084355806,120.98720234352751,31.06068575620561,33.415619056678736
195.33153559050555,121.0399921668375,30.44320562543284,34.29048163599186
193.23783515207876,125.05204211995853,29.944871276608918,35.521563995985126
189.11970665757437,138.15803447690874,29.516869308708497,35.959845929423565
181.72245023869266,145.96587215140022,29.80154118120094,36.378712664180846
166.8170647486367,145.57614228805372,29.921571575985713,35.83931484025285
158.6600478887927,151.21292743813277,30.72745424129144,35.17165960967482
150.83190526292333,135.73004951489585,32.56831266655308,33.19488005575803
147.304308288319,119.12174294513704,32.71799142182255,32.71675289986548
142.02804624293165,85.73215528668935,32.40198142446245,32.70730059224914
138.7755357515012,81.22240713679659,32.32715983987954,32.63384702478611
138.11447565551666,83.32563979232458,31.427417715716995,33.53067084107999
138.34711685091395,88.38884448639634,30.547145346847422,34.502696854852985
139.07299345828451,101.07744330720305,30.108472848239366,34.882241690656535
139.41120103084037,114.25173814575243,30.086114192595293,36.131813710945494
141.30379125305458,112.27560340683779,30.219707160871312,36.436444867851925
142.3657262944821,109.83710332285297,30.7890126322918,36.36724800289309
142.9239632420988,101.11778375549,31.095811227559828,35.861575995651265
145.32478247082247,97.81497549274904,32.028896814912315,35.36908422950719
148.42230253998667,94.18462619431955,32.92074308252867,34.650235802592974
155.343417278916,103.58356390839043,32.01961658623743,35.68976462554984
156.91457709004834,112.89622830305144,30.945584098143257,36.26606928959697
158.34032233021978,124.51637229573208,30.105485495928466,36.234996468420256
158.9150049108947,141.02038552929073,29.985617242766477,35.894954010092
159.58741271863275,158.7132183104203,29.374544579637202,36.615047114825046
159.748971965808,153.56600117711878,29.521562101893952,35.80985579396474
158.5923060297843,141.76601228367136,29.840650709743024,35.00880780876487
158.04569337351884,138.24153063013227,30.690425425345396,34.38516655499096
158.54608202316444,134.6191522461342,31.314243052888312,33.43967006523564
157.51791042643472,135.1077679751804,30.873432725763596,33.388150536941374
157.5832986628373,144.2960195008697,30.32837360320297,34.44975211507935
158.1443687136335,152.73239335843954,29.53927385824663,35.20805832450028
158.89799504021718,169.28832498812255,29.481950800072845,35.03485473310298
159.5547453049025,186.36907466444768,29.334183250476713,34.821349612630485
161.06348916948042,203.12459341609292,28.937212775196603,36.02365286861735
162.22000382687145,202.28831326882207,29.164127155482927,34.92940322282089
162.26916566481762,190.89823192137862,29.167404029705644,34.29057864353784
160.65126543397415,180.31466900759023,29.6956177261033,34.24440376615858
161.1754856156315,162.95925749930456,29.759831810344174,33.90874469654828
160.94393767127187,154.46041478730345,29.738743642542957,33.47505461701045
160.37242573881107,147.36961917809617,29.95181643572532,33.30984121658955
160.4214656806926,143.87705946884776,30.2929320656876,32.77405466355928
159.53362055265092,149.27439516731016,29.99850317923858,33.11299971408325
160.1226426566293,153.89120281097104,29.398183726092135,34.01900425403197
161.11732770167316,161.41963418062045,29.577436606585458,35.06675195784842
163.12373949710843,167.73781702089718,30.31325069195398,34.283869477368185
162.5017156811302,149.9105747066357,30.800197980206153,33.55186423772705
163.05869424619857,129.32659655151963,31.029053388216425,32.97792677964868
161.81960280713204,98.80305473410827,31.027488970969856,33.54001361881709
162.13150633593233,91.2692341915272,31.04638187026318,33.8175097836301
159.2558603431922,86.15983980879533,30.91863456817631,33.748575007834084
157.46791506416855,90.76110528341113,30.151186159854007,34.2360560367519
156.72210807664908,102.71940078091531,29.42334536957309,34.34176766930702
157.9025494183124,118.90856803056747,29.39639484757768,33.880783939045685
157.6490169848464,130.76627478174217,29.742235200263593,34.26543185332223
151.9131813489301,125.29988807088114,29.229594414601113,33.50838117073523
148.89042265749154,112.74650231986024,29.5074225694204,33.271108941087554
146.7243962967386,104.18087093494991,30.32473148599464,33.006984061372094
142.97784731707216,97.52895257370753,31.068393543685637,33.02471848893498
139.48873744397844,96.28884164018164,31.645506932298648,32.563650454253356
137.5875797905131,100.14356464767994,31.03319230301104,33.46759631547745
135.63758283630483,108.89671804200646,30.612919487794777,34.35017883956858
136.0599473962668,122.20695936064865,30.05264662092259,35.216258931165996
135.88418594544515,130.80447282081738,30.251815550369326,35.885056855188914
139.50713008125393,133.81005491349885,30.260444833988586,35.755361919551305
144.5598249123946,114.45486769404798,30.7283469502717,35.068019836236246
146.46702324321686,107.93451473824018,31.135455930564447,34.779152116565236
147.26814305452967,99.78944916995832,31.40022177535365,34.34869838374418
152.5352102795286,92.65523424611872,31.999702819130206,33.6530874751978
158.41635805622323,91.49546290129729,32.494887887078846,32.86682452938839
161.61832795200817,100.40103724706327,31.709874143787758,34.16068491683593
167.3484098590162,109.62466748473179,30.764702090025672,35.084863421601426
175.37043818980106,121.68536801203214,30.743382931507668,35.703507914486075
179.34181053501325,125.2211776284059,31.3543215220281,36.69446116098661
181.401436265076,122.85194341318575,31.356488538007316,36.409627513179814
183.99068846061172,98.12195880446856,31.796102909905883,36.405088673973566
183.71252998563833,89.35852843784068,32.052921719040754,35.76060465014929
185.06218938565004,84.6681717232463,32.393167528544886,35.2417056525802
186.19980424335964,82.23284615000088,32.799015055023276,34.52135624212525
187.43157698002932,84.6891869603271,31.873271681865514,34.71900663364932
191.39845744092668,93.65092928325546,31.47513144946285,35.578807128783794
196.8452022793548,106.90340968086875,30.179726222374697,36.197291844421486
198.7288060827536,116.25538747926404,29.95984136566863,37.25087981147367
200.72183453963274,120.06173413808291,30.83414030594482,37.215773621521485
203.00433383112735,117.62601114339515,30.65476565484032,36.57695283004374
203.5155339656858,92.08550141687434,30.91623405618702,35.82872576208926
202.82868925120903,88.10628507395134,31.523719187597994,35.02571244878975
198.02322806367084,84.34814085435119,31.492973242972184,34.034335253834804
191.45860416699625,83.91525126834357,31.399208112127038,33.248641380500914
186.0988329245207,86.9854751007538,31.07648089035203,32.86907752381643
180.33592160083285,99.27352779792596,30.465764078499273,33.85189775813423
176.6616381801283,107.99611269896803,29.772386416124135,35.00050656627957
173.8836983763525,114.64754945408885,30.382401823083732,35.359143523567234
169.47186816610719,120.05744164705075,30.09260265647721,35.92338471137389
166.81880496597444,114.13102820409449,29.942143649485608,35.06101308044071
164.17366072989802,94.70749604507961,30.675987476710496,34.96176163308962
162.36301660401494,87.07238120371682,31.376455969107695,34.21199085805155
159.5641809030346,84.91226119958692,31.84932049011749,33.08107758796049
158.81642589692936,85.93108935073987,30.896016587075273,32.57204081347138
158.26298240325818,90.97145757856784,30.571305268715413,33.0305909712798
154.91755610168227,108.14442569492968,30.00935931458575,34.03895237649556
152.6049770832512,120.77879168895791,29.5386268294447,35.10773335840982
149.47433742551456,127.97160875709226,30.413343797505885,35.66734877963622
146.8303259808284,131.70092289738733,29.78336455827712,35.76965218163277
139.78649308031817,125.61587570720108,30.114475755720925,34.82427662944909
119.27550740156416,106.03966427616419,30.07740704364889,34.181186338446715
117.76714700380285,102.00763181270361,30.640070860945812,33.24768504222334
115.8399434989759,100.88219863517537,30.999435784952112,32.4091868686238
115.49044664591999,102.45095662596344,30.59228267862496,32.430923053795695
113.84338849669183,107.02513050650781,30.030868476669283,32.96122710239936
120.06457758791205,123.64159414573004,29.476437376748382,34.03411265964827
122.43863744139719,132.14722476277396,29.17842762842679,35.29380174294322
126.9073008574356,135.89527575746396,29.999510296472046,35.30412179640989
133.6906099994325,135.75151270576706,30.244941878200905,34.24362829988917
139.9563322880911,122.35682039365508,31.478523393413013,33.36850410453302
146.82031661965942,94.33497060044112,31.904965092519976,33.235922715619154
150.35627282462465,86.13268955873707,32.05243639917277,33.11898897993546
156.28972797004968,82.37901881347291,32.53401205497799,33.40643176974967
158.8702994264775,78.21005649190461,32.82541859967247,32.993764181135795
162.4153374090986,82.60446176029602,31.75042356323271,33.4375691152392
166.5184745740374,94.89237665297993,31.148089720263066,34.21688764530106
166.79050180747697,112.41302652577077,30.1297881852172,35.126149423156875
165.39167054819256,115.32405478442723,30.713820981190786,35.59467174800703
165.25022306331294,118.1977914883419,29.964163827880242,35.29879269289986
165.87764099960063,107.936029742475,29.607398052274505,34.69500257074209
164.33809585039745,89.75884620656456,30.11367436294894,34.42957288963329
162.47558748511932,83.10844764820148,31.066618063033417,33.83876749018512
160.3816096418604,79.51225066184921,31.716750072488267,33.23272577487086
159.8221475734186,80.43468724062734,30.55748311974172,32.90168196778609
157.44936217989556,85.49754504678312,29.90625434242623,33.04392213550383
149.28914483687285,101.35155899854144,29.428007769316366,33.76673758525868
147.84565284976023,117.74239522831287,29.006050379253264,34.757537507307596
146.51232012378856,120.81205950586377,29.704448032772856,34.797556467312
143.79818607571806,120.81496686120109,29.257167766181894,34.329156128604694
143.74673477223743,113.52955727829846,29.60826423319717,33.61061143332597
143.8252923841201,106.80697351619693,30.605936430658325,33.21524951569552
143.98494283892865,102.78233211307297,30.37504591344485,32.871915096296476
146.24550063845453,108.11983399585384,30.405506928772958,33.2538237529149
147.08196787873985,113.27184157764802,30.562304627844085,33.56658696304482
148.36538954750654,123.08260366279306,29.878343646954335,34.259393847442226
148.8543121058073,144.22511703495914,29.154144665683027,34.90056796980931
148.47162433398626,157.0771163942614,28.474337766660046,35.72313098826533
147.28770462287255,165.7166677908905,28.860104477896545,35.80610018597391
