142.5,125.5,91,40
138.85809801239196,125.74563426215923,92.09470752441038,40.79197751602577
132.99694351064437,126.32853528915496,93.88789551044951,41.00441807391938
128.61918447794406,126.64560995496876,93.95561412211481,41.28784290954337
122.78287033958946,126.33764874722318,94.88469305190017,41.44320062228527
117.0239428627028,123.5268941782733,96.09377687225066,41.52881202840403
114.12943804776046,125.29309733448521,96.2302687065726,41.397449607886955
107.34151239587919,122.56964311415459,96.9285784682819,41.95057495604943
102.76663295496127,122.99916131902924,97.30086962245662,41.78788232586402
96.67104911431557,122.14467515774345,97.70383692533004,41.82798193439292
92.10543291716296,119.89671690504998,98.152354857355,41.850375299826254
87.69997253261548,119.63906229523965,97.81844015434302,42.05971537057265
80.45206846358597,118.63201568946805,98.5385658430612,41.984935434151375
78.38103717312649,119.3327006247931,98.43521035223336,42.09448441916837
70.80761726562719,117.36501713340789,98.98076232543508,42.187379802359935
67.20642223304496,117.60993317671068,98.80849237549333,42.00869433269007
60.26948433897942,115.85263170846198,99.34797084764541,42.16057821019699
57.6019148242962,117.09988468157844,98.8119903778053,41.97405470872727
50.65736391496465,115.73837644758397,98.77050728893667,42.27423558826101
45.50833022380159,115.51658467197909,99.25184798669247,42.044134244432165
39.2011600123998,115.12466402480374,99.56955659644674,41.90615424256782
35.04015219917366,113.74837016084751,100.09174798507553,41.7434196667083
28.38726392616826,114.83058065678826,99.98040073653067,41.46072446294326
20.247109709175113,113.31849435581123,100.04260576170348,41.6200041053026
16.82791661206869,114.38848471347569,99.50710870854084,41.617170578160305
10.792577730882698,115.53987588301017,98.8587789788474,41.62362023562761
8.129025190218968,116.47817607910858,97.83317524364654,41.640277819009086
4.126726267487868,117.83770704306421,96.34029174297837,41.76761448309308
3.130962637101632,119.03768010556266,93.13723511092857,42.152340856799185
-1.1947521858871468,120.52701220998219,90.77015584577332,42.241726078807304
-4.8477947848925,121.08367559235296,88.08099797127426,42.138356031556896
-5.2736135417079595,123.46826300866486,84.97473448392861,41.65162043080566
-9.521561178829991,124.82339090251953,82.5710306828553,41.20988189887938
-11.142708428784168,126.34935551854419,79.77960278209837,40.37755978162196
-9.942048140950419,125.69622614023172,74.87897195138021,41.62782616963819
-8.680505598768647,125.96475253345743,70.86954193350684,42.30620268921703
-7.084281272514289,126.65435047816605,68.18386478587712,42.39004905901609
-5.921217599908559,126.71065442830857,65.68323803325504,42.36378166063554
-4.716154126520106,126.88730714558147,63.701168399443524,42.155151838539375
-4.135665184660418,126.97332285927233,62.166125742403,41.89959824037559
-3.5217624385415007,127.33213321883981,60.8146831699726,41.529177378475566
-3.5339703324530802,127.32649751898464,60.18235984208073,41.12024217179782
-2.6961096577182317,125.48480338607772,60.16108426001368,41.233405198811624
-2.2487971382000964,125.0494648499161,60.414470786185845,40.94224910405874
-3.036130592278951,123.59327948315553,61.02541719387435,40.90664205628412
-2.4382601256019214,122.88719766414249,62.32908092932827,40.65340161296558
-1.226974221715004,122.21756531881634,64.04768486847216,40.57771116445772
-1.893537303704889,120.62502322779862,65.97352689186508,40.63828362774317
0.19595895242015615,120.72574942357643,67.62615507282177,40.6513543728033
-0.34713903619723396,118.25114005474819,69.5049741527215,40.68903498637529
1.0023780540887515,117.41517924024993,71.7613037226073,41.09203094856275
0.29631711530068827,116.15667476345168,73.89508573735993,41.421823381849805
1.0466762057863193,112.43893145773212,75.47671375733167,42.89465921737948
1.4461950876840746,111.85614552289584,77.75266125926797,43.29851662858648
2.513060414860874,107.7514682989129,79.23245551870221,44.70000450321862
7.056067501047423,107.33439586097467,80.56493461720314,45.455939643641955
9.803213706791638,105.88649552721583,81.84047958517027,46.135872314943825
14.794360092225652,103.69754445041478,82.90832147311572,46.966222359781256
17.791325250217163,102.26236959626422,83.36748182485731,47.33948172842172
20.61531763537677,101.88554453324132,84.42848047586378,47.717898979120406
25.574689636476556,99.83400909840816,85.47359126339809,47.881981401597386
29.822195310159145,99.21322672941483,86.67434159663594,48.25410254417464
34.92237328442426,98.47393090131115,87.7978725194436,48.23871498476006
39.21104861874267,98.94196904369221,88.61931602500111,48.06085645197777
42.84675376023558,98.62155865899445,89.46625767835563,48.22333239348291
48.78664325110503,98.32228277678925,89.8771147592388,48.294818344351896
53.50719298595934,99.22590959119171,89.97149006675185,48.39182070176064
57.79251461136984,100.62137697220406,89.9780848988166,48.406646800179054
57.964525128269294,102.65269352053143,88.93236293919067,48.428918851076816
59.33435006770678,103.73720412315342,88.42835859292373,48.58306234729463
60.08493163473384,104.515890285712,87.82081970499006,48.64828306741214
61.24881863620115,106.95736892038545,86.86863233096932,48.79029871371465
62.810393501744535,107.45244450830741,85.81544867768712,48.70606065241847
64.6512149591104,109.20805720105571,85.0632841698615,48.64680012211596
64.97764508733886,110.9516408996337,84.0247352210733,48.53194074078335
66.62046969480487,111.24375323591141,83.28376636312063,48.67575324674431
66.48208426911805,112.04742022989771,82.94261008045727,48.90979651707248
66.10329035192989,112.69767615305457,82.52787266134695,49.09892288010171
66.61175283672863,114.14041109743371,81.79928063089741,49.15122335801213
66.81027353150662,114.0096510259818,81.23627447400456,49.40150598484805
67.48037453395513,115.93770017807957,81.12274905239767,49.46553912558355
68.17171479838765,116.87553294358045,80.52300235474753,49.46618227416248
68.74029600589829,116.35138759609575,80.52243185104217,49.744412429886275
68.83264416641873,118.5392694773736,79.80461358652747,49.75967230319483
69.2565702846926,118.28923357137509,79.31780727678904,49.96619427950991
69.66861111619335,119.33895682107547,78.86571295662202,49.99891893413138
68.95109555809609,121.20636700750984,78.70654799165504,49.90931717202619
68.8131686233277,120.71577788326597,78.53787593388658,49.98212576013643
68.25978341623652,122.66630224102661,78.38410300166393,49.92773241342009
68.36238017004233,122.79022228302847,78.03414913869895,50.03369572564135
64.77828896182125,125.67746941611573,81.94128586078992,46.57662480312527
63.660288042504305,128.4857482759266,84.87969196005918,43.85023646559887
63.015652279393244,129.6986980239561,85.67425146135416,42.170835494682535
62.21490926557405,131.32278524062403,86.81885212136064,40.904575462401034
62.179306515466635,131.63433841578467,86.75944937584507,40.718598579805516
62.547407843214515,133.25447768610982,86.84641678622913,40.255859292390085
61.977082805465415,133.34867430634912,86.86769461307773,39.95048941824353
64.76784453488506,134.7069110365033,87.31651468680072,39.825909154041156
66.63347607899665,135.16073405801862,87.59656742117883,39.758088383570644
69.59200829298223,135.66803438836857,87.69541409550258,39.85872269391717
71.17834223853714,137.02694942704406,87.59946763421759,39.776218525227065
73.51113332050275,138.24061457161037,87.81797684754467,39.64719684701063
74.68489713813307,139.50015529342897,88.6166820556831,39.6721396324231
75.05643695009576,140.58173755406935,88.81830314968373,39.45625337232702
76.59702394710212,142.24263284576546,89.80872434762661,39.14325447403914
79.07367155575747,144.78493406316906,90.99797578406344,39.254507179917994
80.2483940529118,144.12082090435194,92.43660480632582,39.12192784302646
86.40950811897052,145.33244575604382,93.70162452271913,39.38455665488624
87.02375633225205,146.17384891638568,94.48667694716926,39.22148102134396
93.41338543585778,147.55817862469203,95.43616801516532,39.51425420475262
95.74041911448695,149.00639833831127,96.09305475184007,39.585033414980565
99.74030082688344,149.87205824240652,96.2580805268762,39.929562424615376
104.10295945041787,149.88503297804738,96.57232359780052,40.36647025933722
106.49605834922251,150.64134736254536,97.26795973497516,40.21543056447611
110.49541194939346,151.4213907677289,97.63648962569772,40.18702398043501
114.39148704739554,152.6523855907649,98.43657308753046,40.15926394671347
117.1854538554777,153.26576164773056,99.25506065590594,40.325612094470394
122.53759256574104,154.21308306953514,99.76133640462976,40.42213739222626
126.56992316877927,155.14419261851253,99.47060288715193,40.77568830045132
129.58702467642152,155.93095863055578,99.63309901432348,41.000083417554364
134.28279205069626,156.60004758019394,99.2881598391993,41.003521314367205
138.55489954317972,157.5082784838668,99.24229976603658,41.00166843856295
142.88771653114046,158.15567841431655,98.7657574725492,41.06810193127826
148.74613873159265,158.88976972448623,97.35574538518239,41.23457454813679
153.5759304232123,159.70891284380986,96.44371964201875,41.208455310260106
158.1641299951321,160.89803965393816,95.41825757856246,40.97386461953838
162.62274292087358,162.0568690116666,95.10793098855412,40.32932783325019
166.4860683380238,161.87016123367604,94.65320369627634,39.954983987433096
171.16647058678763,163.18056152212804,93.4717195341369,39.9295088804998
175.78475370237712,163.939565975371,92.56425486545795,40.17850267577316
178.93865724398745,164.1035913391251,91.5290274521897,40.01879421077148
183.1351468752874,165.50862147299944,92.13138567585685,40.118358758010004
186.1225902274875,165.89574707360237,92.35765463399325,39.63811435149523
189.91249490116985,167.0077392298255,92.6857666008681,39.28290838701806
195.02107343608975,167.37493816227303,92.96098490486858,39.05468502687989
198.17631799575884,168.87770653412846,92.90954567795598,38.79798527734018
200.9183360318802,170.12975581020982,93.11543956787145,38.287229243983944
205.520678473413,169.90666915484334,92.38165522038932,38.24435028883439
206.5505910143082,170.44618524889506,92.4515024274936,38.053476422111565
209.860959657498,170.8220246951562,92.23445595608592,37.99230386866249
208.07278738136398,172.29636708511703,92.95723719963817,37.66348760566282
210.6390215472092,171.1964032398889,93.07414564178188,37.543266351264315
211.08746232197487,172.27008466472955,93.50536501197412,37.94738403327549
212.00565838012153,172.58066881317683,93.85870020204678,38.03333764504566
212.94068452174227,172.60556198209176,94.63050482760349,38.195241613879304
212.29965704664855,173.66749581115187,95.14773842721642,38.019308464082776
213.77986178335345,174.19058865324277,95.18976225382495,38.207386438424535
214.50220873895393,174.75241917644504,95.18813422435312,37.9016182414653
213.3063146400285,175.74178542169525,94.69614122751712,37.573455309108496
212.56919095783894,177.22442693414825,94.2733190184938,36.965420113639745
213.45320170013747,179.1286132174777,93.42469166937188,36.79435042249971
214.27323963553476,179.33539921497228,92.66946725426581,36.95662390747572
214.01873675632254,180.78092725125214,91.83894671702828,37.13236199194418
213.69388506323207,182.13838969091887,91.19153465807221,36.97118834285062
213.57789500282792,183.66990988929797,90.14038389471001,36.84087671348742
212.97970402750616,185.31667685462213,89.8032544451307,36.7175045069297
212.55979223276356,187.87465427046658,89.50460523912948,36.701954414620666
209.48272829885786,190.30392924939855,89.28529427179683,37.43647782482924
208.6668699536502,193.92362998599853,89.85236829444175,37.95171645401577
206.6023143260924,195.4393972381932,89.8999170304839,37.84282871056696
203.83165265258904,197.43548194944674,89.9340635014225,37.42736951221149
202.97362378410094,198.18141280676988,89.83092561023253,37.262980484332765
203.39517539567737,199.47371294473004,89.59370228991926,36.70820780316957
201.47994369557517,199.2025743455042,89.91217371243202,36.37436073881152
198.8080412828462,200.66876792724622,90.83846039900449,35.81879700062039
197.4979894229952,201.03897512385382,92.17440350469279,35.655031557982
195.22261478400685,200.87000070187085,93.64785986351058,35.52180750294012
194.70734228665503,198.96336365879878,94.05033122549706,35.7595162509495
193.78723730140266,198.1418228889843,93.46426570428736,36.72806680760728
193.11121129150825,196.99214543268863,92.49680201896754,36.9527788235464
192.5517290577854,195.87652812831476,91.96304186273312,37.773899143964066
191.4166292199983,194.74571352681582,91.83169768264018,37.804479762977564
191.33658052568586,194.02203333577896,92.66497094263728,38.042330533921536
188.29384833571697,193.59036566674695,93.04924580460025,38.48128947366057
188.7793476195739,192.3593633350512,93.0512462135938,38.984319656423125
184.41553988061582,191.29075670975425,92.97778575614618,39.444490541942855
185.06445320623882,189.17819918133992,92.79002694929106,39.949503288590826
183.7701196242701,188.72357119203042,93.38347178313512,40.50745166647321
182.12529942176198,186.6259251203855,93.9679003103285,40.91324691111194
181.5421829790853,185.2141518920476,94.52644882182626,41.246015160008824
178.58764640589342,183.35180479671328,94.9973753770235,41.50624015626522
180.09828745537683,182.86380116846323,94.39326165688662,41.42176741417678
177.00852895035612,181.10318856692956,95.18133589120175,41.55849092161119
175.6927769072701,179.27281328006063,94.86592029773207,41.833563442446774
174.92388689545388,178.99137044444637,94.44121751134406,41.85502942878837
173.24680603153948,177.59274489924877,94.02465184316151,42.087286184009
172.5376421127789,175.86444688567005,93.77807818570278,42.38313515992748
171.6210635535705,174.5823948433477,93.79716114545108,42.27696021854064
171.00278464072235,174.17739792806438,93.71093597783074,42.66841226005244
171.59466200465738,172.4635139876472,93.3247180403316,42.496325910006064
170.36123025604815,172.2349863360485,92.69465699416936,42.47831744219402
168.47690633971447,171.20367023934895,92.67659647188674,42.606847100345306
167.12958025666137,169.3519921419888,93.04956356223305,42.72895715744661
165.17290472596522,169.9526764794003,93.16399089277516,42.43905931306409
165.62245502255706,168.39696792310863,92.49203945830769,42.339060181140624
164.43145486510576,168.19867325353755,92.04412305758832,41.83610230100636
163.95215715810565,167.34029063323413,92.04179569393578,41.5944031575342
162.42793592283005,165.48922511262282,91.9982612834598,41.40527214431347
160.77698118429822,165.59458945982112,92.51236997164405,41.2601508337641
158.09523672632866,163.19698926761959,92.17517767801897,41.71544643301091
158.0610809481652,162.27164259016544,91.12541124095294,41.78625795293538
154.9235010714461,160.89564959688343,91.26286185361351,42.18682830534415
152.5652075511941,158.2100386257823,91.12103424415413,42.91583833348391
150.58510548050418,157.35931255240766,91.67649733672111,42.8282196355829
147.3716905863659,157.16506855759815,92.7765468057838,42.1388445280111
146.81025797545988,156.2212819327242,93.18089353203618,41.88880495808738
145.5521962442118,153.40760697630867,92.95866016584276,42.294638261726476
146.6899702993284,151.93298267675158,92.80334845239912,42.92514696978846
143.743437530685,150.2885205721024,92.1495485264291,43.49804391926012
143.77716683278462,150.50425820783994,91.22622563580713,43.33808017270076
141.01046257820144,150.40912590207665,91.89552510566679,42.978825841394396
138.61801839288796,150.3764592254524,94.20677708751506,42.17677952926811
134.2405147536152,150.92423947112712,94.91048813192974,42.076708396820635
135.38239396476413,147.9343704244104,96.37954614830682,42.40571540352318
133.4906572578659,148.29510011043288,96.61990370783998,42.6470539116509
130.29330965515013,146.37089323424607,95.8790784550501,43.26532387854789
127.2930700127514,145.49161431931967,94.87554086362684,43.26177779318612
124.13245831117696,145.88381397412698,94.7270458105074,43.213551576890424
123.02281964696657,143.60397016538096,95.2799743239639,43.80202871464616
122.60986760084812,143.97817286019026,95.70051050533883,43.85683370272073
121.13222285822707,143.33574071679408,96.074933892177,43.67657803158918
121.03104507077097,142.9670719052383,95.44708593391658,43.85638739733078
122.32445209266174,142.4985179223548,94.74331553694749,43.94967693696553
121.0690219464639,142.66612419946037,93.77204387133534,44.03496117435558
122.17543148900026,142.14715890698153,92.79725593517315,44.371456849015885
120.19339408414523,143.08612511028477,92.42877735819499,43.70645333359134
122.55550201473042,142.44400932502606,90.9265139353791,43.6363603248699
119.10568738285957,142.2700736938875,90.9526910125363,42.90792822430061
117.86944039829194,141.7110357215238,90.81135060056805,43.15392288927338
113.25555333856744,140.57719484766363,92.12558483354248,43.28147054084806
111.0019677630302,140.60479389070557,93.45245241100857,43.30910494020161
106.19500319558998,140.79944825931273,94.84429463945587,42.66599637708053
105.1224746332679,140.97420494019897,95.94007004775331,42.33917624700988
101.82785528719985,139.18735093299136,97.2956523334868,42.27095988016904
101.32785767159965,140.05962062383952,97.00791508273073,42.29676761685042
100.48322445337958,139.8757774022099,97.76834129919635,42.331058102162835
95.21920655495829,140.4204721561281,98.02911272988902,42.163166058506434
93.12198010099362,141.62376424633706,98.10310178970435,42.438711022757126
89.13821790076722,141.64763942780942,97.86638443753266,42.52507149798722
89.54097287783725,142.14680079466092,98.18530525903498,42.99320756173901
91.23850070642928,139.68689254594045,98.69594790125886,43.828060737494155
92.27991712271616,140.59752559265056,99.07931446672589,44.014708948807275
94.399385279912,139.0047316881686,99.20276724001123,44.53462731654805
97.54377918643354,140.24355576416755,99.47029246484045,44.63699887699822
99.45410166107193,137.63114425193538,99.9528844769284,44.947168600223534
103.6228083878024,136.26330322658845,100.17418398275703,44.922127775322366
107.10828534455503,136.79603416724828,99.86763541516851,44.76347105166409
110.80089021892,134.52837144777033,99.56231830178402,45.06053049940906
114.8980752263839,134.3116467763471,99.57776808055739,45.00240492899225
118.93894605348582,132.71812329439635,99.0900987682725,45.153768976252465
123.09388164275241,132.9713555728992,99.13467972291804,44.43405612167463
125.98728635436211,131.6919169598653,99.42678589570693,44.018430069010165
129.8413749059709,130.0869983354944,99.66618245429356,43.681518679598895
132.09667268197762,130.4617092718913,100.02903718151597,43.38597842816584
135.29918109901496,128.25847076804865,101.35358596786364,43.23472523794462
139.2517808972749,128.8353821252216,101.44568079730809,43.20390493353375
139.74363722652072,127.5567475062955,102.13459677994501,43.2926451854088
145.8804130986215,126.18224795288407,102.29888645114872,42.89206023728473
145.5720842622256,126.9513168637979,102.61109176426422,42.84763865538626
152.0009972371497,125.28931468571491,102.74874062978459,42.964778416139055
154.24848747812462,125.97640732048183,102.67519884183504,43.01571576528046
157.12969929618924,123.44471243651633,102.44002740297142,43.495172179787374
162.51308326091592,122.93430725035803,102.59065983362547,43.6955880957174
163.00515296678043,122.35025056079952,101.971837766562,43.68618060367199
169.57410179109013,120.63803443333182,101.63796767531564,44.02799581415856
171.19247937954867,120.20412437172716,101.41497354194715,43.84971472486635
173.72909953086878,119.51932372328548,101.01329257310815,43.9130095403883
174.0475047708197,121.57380441916462,100.80133175241082,43.60277899884977
174.52660898637845,120.24182026436151,100.6331458137021,43.61249525614887
176.19450336755213,121.17472151652396,100.54212519405492,43.624533747612524
175.9592614069863,122.66590511335701,100.59711875611866,43.64023941657155
177.9254138979474,121.1003386270528,100.34605910119227,43.87946898875881
179.66869570797763,122.75187047889337,99.66107257234886,43.66364884205402
176.47838886238182,123.13831729153185,99.77395125911546,43.6072401210663
176.1219908072531,125.55565727015914,99.68452052792315,43.608914896325125
171.33636520382822,125.42788842258571,99.98635969406247,43.72437555187258
171.03391553714826,127.59730530188695,99.73325404018254,43.57336508886337
169.45351620229548,130.05639273549266,99.67855020935406,43.32243560968295
163.5939708092821,130.0747651980675,100.69167881428947,43.66089736363905
163.82656051040715,133.24865211916628,101.36005053279749,44.07420903169539
156.6942823633925,134.41527831192914,102.22151539616272,43.987381082738885
158.394163228609,136.0009259652996,102.48302333049415,43.76180907120976
153.56486242230062,139.3550465891377,102.22107364306204,43.44285148060752
153.44675238398202,139.65757958210457,101.27576991980297,43.29561899339012
144.36286406999574,143.09104841180496,101.66836000907928,43.275830229253025
145.63268504039883,144.43239421403086,101.76533262935405,43.26259725250203
140.0343070677052,146.45014991029072,101.6852607625464,43.22825124999695
139.54379070000442,147.77490014340032,101.62049674597196,43.15963643250519
138.13627053809478,147.73799154232705,101.64746186112731,43.21262555521945
136.76350033798917,149.12984482178,101.16135453146492,43.17866460368963
135.12672206804928,147.58073819980723,100.9049361339057,43.35421463581268
134.66161958076552,146.3071188824939,100.76839272781223,43.49223782015247
130.13472784304577,144.90003757758973,101.17016147089086,43.609906327482776
128.0932743008265,144.1121726739661,101.26202093455612,43.51730808793131
127.87080183917253,144.01541079058447,101.25214784753385,43.50700071846795
124.03407501974185,141.31556498979077,101.97919750614008,43.433977895922055
121.80741824137681,139.96196318320003,101.78240129495634,43.72476033410049
120.32556755806372,139.3651228403824,102.11171898314623,43.71344765254057
116.76818659894933,137.44337359811772,102.09103387607595,43.85292349111964
116.61129990407817,135.1234668058391,102.30435200405137,44.55575802027229
110.79839212917895,134.1991252623473,102.38496434492647,44.6814750323123
111.73874555429137,131.08435459313017,102.15769165207313,45.35590543935007
109.53992036333568,129.80165871367802,102.09519512999283,45.53856027694391
107.26575364972288,127.72286944733983,101.54833183328043,45.63990778773923
107.45931488558682,127.24441870634462,101.18543145984347,45.66291707927325
103.6516572979892,126.03361690160689,101.28841514929042,45.64982329914606
103.88443314923146,126.66250004730628,100.61060457143589,45.687112993198
102.0376320879147,126.02200615977318,100.90245660633136,45.79052541845646
103.53936072428031,126.59436737886168,100.70238053820523,46.0242103394027
104.02653135864458,127.34914292362618,100.4889028716381,45.80194243201788
105.23562794749023,128.3616301737847,100.40891455463405,45.6531217584144
105.07197051204245,127.73424436305994,100.6213006360928,45.43353339069765
106.07617352071972,128.05589828714395,100.71233209394272,45.522904969199715
107.04458375518823,128.71935289779185,100.73224604387474,45.43382006869703
107.23586528675872,128.7122248294835,100.61799036856257,45.146196978152375
108.64665734555426,128.80323511118064,101.0094554243266,45.14975718989979
113.03064608937471,127.3512974217944,101.14453026670279,45.28610761101541
115.19802241351417,128.0194349384854,100.78303921319622,45.11666943542914
118.96608841584433,128.11555900026116,100.98686930951858,44.877998975627094
122.5525334565369,126.93798138053043,101.28404863655015,44.84876696037355
124.15690746984558,127.60657113686534,101.49785820232478,44.25044406133976
128.3661166626394,125.87609516209008,102.18012302901741,43.93030980445411
130.25299942818185,126.3500501500991,102.40085837340555,43.47630206465931
133.18631774680864,126.51922658397399,103.24496420975422,42.74318888625963
136.12571758278207,124.17040426537021,103.43244681014625,42.411101296141766
139.38998849184526,122.19269483192195,103.01530511943074,42.385463711240796
142.0986864228002,119.53277946727314,103.06924466859263,42.154655288011554
143.51306177358816,117.04251572824907,103.39546938129284,42.0256938019789
146.5727926406887,115.10531159684044,103.21742581802073,42.08597891110965
147.33779431335245,111.35890864464477,103.12354787037546,42.021297327708
148.95053536132278,109.58891219597378,103.31015249966975,42.056713303586974
149.77106633167637,107.63892185649803,103.02348916717028,42.031032180246584
152.56494504894715,106.92214053306125,102.14294131972588,42.044480071489645
153.262484508404,107.96387487156832,101.23420185069469,41.84607766530378
154.77126935386468,108.09973400551324,100.39648893696446,41.94204790425558
156.39436186821968,109.35268203925585,99.55632717218575,41.98519120063145
157.2462641106475,111.04955841856352,98.75247056902872,41.70290079667613
159.0013963708958,111.96336751329109,97.96805400805057,41.55006690993249
159.85876433300427,112.44421156853406,97.5570578699817,41.60557283211561
160.5875863868753,112.74009428785078,97.0581835009138,41.84173039334104
160.41371654326693,113.06824734651781,96.79910904208869,41.98889232457954
162.5470549974827,114.5546984152974,95.99839287470027,42.061098743767786
164.292749368533,114.40610399672286,94.09717868837814,42.40334095121379
166.35464479897286,114.98691329097966,92.9942837854452,42.57921280211518
164.37048447505117,115.9983069911207,93.06395927070615,42.56510216918237
166.04351253527346,115.88342953226648,93.14746643418184,42.62669515823708
166.58707202966605,117.03676653363827,92.9644947127383,42.484400275366546
166.42138050267894,117.88966437899252,93.35519526238643,42.470126586878195
165.74412793768633,117.38743940821635,93.88710932601118,42.76119595325049
163.50887486115923,118.22110000785509,95.23979736192364,43.240304292699825
163.42359192524574,118.71540385721788,96.1590726143773,43.302421100352404
164.31388896921348,119.4689254264482,96.45017194685197,43.49095927883971
166.54305228177475,118.49882931342066,96.70141716010833,43.21854364432961
166.47841420517736,118.59437819417002,97.21063522380842,43.378445297751696
165.37885597931404,120.09511658167105,98.1904762009867,43.46457733698911
163.98910933173087,120.92670497206232,98.84351299705332,43.66697336637961
163.1259293009048,122.0795218018379,98.76181133976475,43.55963315432295
164.00589868571592,121.95460884674131,99.24698236666656,43.8670341115323
163.49842714498743,122.69031618042877,99.82529290432129,43.524516634251356
164.4825159094316,122.38996003466804,100.0969480151271,43.60010878665082
165.29897650984736,123.18727848330599,99.76324856836968,43.55497950732534
166.4924037478378,123.9393770485355,99.59579378301684,43.291034514050466
166.92962384988203,123.22597821975498,100.06544618642658,43.06679340570423
167.6762541209843,125.08413488316724,99.9639791336782,43.01215767783297
168.11756315705088,123.80318108632387,99.69881284854,42.828038517140406
168.99482855677854,125.2604121406871,99.593720549489,42.49579028704555
169.4006842615167,125.5001305302588,99.55709387397577,42.220958997871406
169.76005331712253,125.14490420145643,99.02420714299305,42.19226697259194
169.61822248254703,125.53993209567815,98.96489486461903,42.27077871048897
166.13663460406792,125.98750451530671,99.4572349358473,42.16159222093659
165.88371751944067,125.49729104665447,99.56409534211275,42.21347839200191
163.9207912187472,125.43770276698038,99.45806279640495,42.29086449204504
160.33855723497248,126.68066596117222,99.74248153528615,42.177084233269525
158.79838454755804,126.36528332732911,100.43233971605379,41.74975333053031
154.94653185695043,128.15115881947685,100.43830501929659,41.75126980610426
152.44254096775134,128.0560989863394,101.41537249105413,41.61832025755825
149.76796427840787,128.54375503318312,101.91136072005233,41.22108953327083
147.40697212285897,129.6903703910498,101.8914135927041,41.183565604646844
146.39574148763703,128.3313353492486,102.77867078638106,41.116611998979266
145.09838281508138,129.69884217897194,102.58536990486881,41.080906973336894
140.8017010508678,129.0718744343517,103.30147370200324,40.58452417377423
140.62007268087442,130.31290738590675,102.89714331668864,40.46496752130504
139.85574035734302,129.40636846920228,102.04556323184835,40.336379347672064
139.77434563872322,130.01561223655972,100.78589950403364,40.16717698637328
137.67014489090917,130.17845821416887,100.0950261736119,40.16724053790891
135.62557100449345,129.82788394167625,99.79836833960134,39.65393014048082
134.11640924796146,130.54645543202065,98.95993373498953,39.57915085589034
130.4461435671652,129.82923095400528,99.15351532851565,39.37863510740754
126.00541602036941,129.27716475625516,99.34141745122099,39.1736454173365
123.40489250982921,130.65487910577562,99.93954394007483,39.396819366076976
121.99846618086465,130.7172470616629,100.66856314196451,39.9032859136377
118.22071880151455,131.5409393942281,101.28607772564641,40.05746832614404
115.8043194898875,129.86688883095644,101.67518795626134,40.23094644014465
113.06548396048488,131.0035692207073,101.70242194612737,40.10261925858909
109.0767386712058,130.77306164820837,102.15824790523973,40.38787367248591
108.06773242085475,130.64167377982923,102.21992295400702,40.52185022408736
105.80258443972731,132.13047157327367,101.2147169593222,40.678085661368414
102.9479024078556,130.42221832021227,101.4046403721257,40.521487070674226
102.13191432577779,131.49344441596077,101.37640401949665,40.43260061976254
96.688976643692,132.13778898510546,101.63436495495728,40.64358389434544
94.35402909137406,131.23012265528195,101.66031341194912,40.673004278678164
92.57311519329606,131.82292027441093,101.29686826651576,40.774005100219384
87.44011830276648,131.44126373645045,101.6424728721599,40.72503340851263
87.71108517711963,132.070529759607,101.78394726458976,41.086264378900225
84.27147675810647,132.4556463145448,101.51342626768565,40.9518379487503
82.83511907031541,132.14491704641122,101.29333911870113,40.992957351277994
80.68380677129281,132.47378769348708,101.16771721863843,40.94710255843853
77.75618425273322,132.1152516825486,101.42190138844803,40.90948590014351
75.13032665494104,132.7295296099466,100.8443185646232,41.189840462904264
70.63648134069469,132.69087859536887,100.94968878906317,41.14355206740285
69.7596800474806,133.37419162498495,100.64951105818484,41.27513691515314
65.52749726780235,132.87333652266406,100.70626477061751,41.30802654789553
64.29129082319449,131.6547145071299,100.46607432922104,41.32618817578084
62.392844610122495,133.39183890630667,100.1005154881226,41.223694977402864
58.53663038327447,132.33906882135017,99.76817179368632,40.97076566107932
58.07132988394855,134.19458851033343,99.66337359380606,40.738418099442754
50.266797364294966,134.53115503970528,100.48233948913129,40.99106921132666
49.52184601020111,133.96667813748292,100.64314802579496,40.98399579886009
48.565355948134965,134.3500010711918,100.76926196187793,41.225328370773376
46.61040868583273,134.47942695712788,100.7198903007219,41.22330121151867
44.76915343981477,134.66248423994674,100.7920597206753,41.1957390612519
41.31109140004084,135.11279992760785,101.2278824200657,41.386661135560416
38.10031919717167,133.89384223860785,101.4153784592574,41.24561275699914
36.81020856699409,134.6378052965614,101.4316515651631,41.44488218056654
32.435793029689194,134.25902642511522,102.21640325973749,41.299785096817814
32.82353918492639,134.50161468449213,102.24501855567408,41.34612191138463
31.574736727552747,134.17197903572708,101.79168190776878,40.99818426554769
29.55590169300723,134.632091138106,101.6373754296186,40.88173209305076
25.455524100805675,134.2445220524113,101.86800923035472,40.661017197995754
25.172411520801283,134.43353273240055,101.37522459994297,40.56111662396889
22.418413697131633,134.63364873536352,101.32729964639115,40.690672873734464
19.96827950105542,133.14479842183837,101.37075317724597,40.70649353214156
17.834225257156817,133.2499251358676,101.09785939148361,41.06334170186905
16.767707448168693,130.74948838019733,100.76632591766298,41.14733889713904
15.560455786465035,131.1895688403428,100.21329565266088,41.383215822459704
13.278692772608231,131.35358337566169,99.78967053443942,41.24340394471015
10.808894815845662,129.0369607470554,99.6757696103486,41.397161305957155
10.665218814769318,129.38606041853365,99.05990685982718,41.30846034461537
6.608156258331377,127.60163785236885,98.96226286869916,41.3395030191355
6.754407449745294,126.78566825740836,97.96417077420521,41.39274488525733
7.8653840359813785,125.98529433354614,97.40464478869899,41.21650851819907
8.120756233714225,123.11384680134856,97.11073638378143,41.185738631269786
9.372036131416877,123.52873563493105,96.56741940911587,40.92901348962512
9.940372658751585,121.06426469757533,96.59250537334447,41.19158163463075
11.003589139583092,118.01735313130084,97.11747869982842,41.39310225405718
11.418364994062301,117.75844108595608,97.08287860858775,41.14672500168715
11.715265985762642,115.18679011237398,97.54643763192382,41.39250211517214
12.77208636883546,113.40197823461858,97.93703690178893,41.31689510057186
13.571440282955258,111.86312889340613,98.56178569471938,41.388223476981764
12.89978706271286,110.82585584568565,98.48625196529755,41.218838994190904
14.23089932052953,109.41325651411361,99.28051486688528,41.12175496156472
14.594841609924615,109.49695666507364,99.0823665685364,41.05478316637662
13.316552386814784,108.12606601006304,99.5587946489266,41.015865223315565
14.67452539523893,107.90290340947864,99.86201152537359,41.274835263771166
13.819169810503084,107.85628273846704,99.83509089705476,41.13060021221392
13.650702306258736,107.52671308273653,100.18891165926445,41.348510895516384
13.89287661389389,107.54737260542461,100.36402132360382,41.52225682277928
13.893188992664442,107.6185455582334,100.52424668863371,41.884319634317194
15.489097752501678,107.91909109094969,100.7705707533556,42.26677035555529
15.9838639451266,108.39892986355643,101.01280661857115,42.57134690351197
16.184961487694878,108.32853835656331,100.8212790839984,42.577583086248026
17.523296276363915,110.68387561803101,100.68154316716753,42.62197162025842
17.482450742303953,110.69248452608203,100.66843102866486,42.682890292951676
19.978353707566285,111.06556023864015,101.12172826662774,42.88637085683766
19.56943990692514,112.42663305941367,101.11460404038394,42.65656172690254
19.448582323054083,114.18150246069229,101.0887607228565,42.43516754600363
21.989543517047778,116.73520161212669,100.80926896459934,42.570666276826245
22.236506447089596,117.02946163433623,100.86537816396776,42.12879232970961
23.739906748677242,119.8217307160591,100.75772530973961,42.03675256409102
23.786325408312976,121.07064300622892,101.57544841956437,41.65154094647414
23.924235019857775,121.32039711335581,101.93948535616181,41.892602502556514
24.88303680566517,122.93184371196207,102.61430832301443,42.10306272941625
24.865632875529585,124.24649974087438,103.09754892683495,42.19533618375289
28.81088163723959,125.56319250092028,104.28284180868837,42.586700181101875
28.756670501600695,125.27577252807983,104.45636889234981,42.76625639794484
29.675202580416297,125.97808472903532,104.17635627413969,43.07462466418572
30.095406872594303,126.98579005204434,104.03804135061513,43.20135536033076
31.79057869628231,127.76822727456863,103.51213790595213,43.44964443418782
32.90563925847175,129.56022814152362,103.05541732669349,43.38202301033644
34.38608212305172,130.7467459765023,102.65847379151853,43.67500177328618
35.87053312484208,131.29303759750954,102.4792207976424,44.13313409695316
37.22549315112299,131.483280213606,102.54274325187075,44.50434974290351
39.4999003802402,132.56460216780837,102.76394117232896,44.749770438304324
39.80689593144844,134.12335404162985,102.086129022368,44.774280002047476
40.79903173225383,134.87650076943322,101.0623723834304,44.72568667976443
42.51718257058654,137.11444527326242,101.08069655172042,44.37798914320588
44.57995210320978,137.6518244718352,100.57956382421199,44.31231508997054
44.29647105930216,138.26514161549642,100.75436186049448,44.400945027654195
45.918183446695814,140.21576546838293,100.57535182531593,44.3970938863648
47.36704231234167,140.19123390676188,100.32894477632098,44.34040282041364
47.82192149281926,142.81941126285224,100.36925041883336,44.0701988498101
50.38102466094746,144.02188806185072,100.18399457925054,44.05601258770487
53.336236565381924,143.45165023611213,99.39333605205886,43.75909946144921
57.74253901151842,145.19124326893973,96.24198127422679,43.733550042064714
60.93928488536089,145.17670311245303,94.4704473054725,43.34165934888313
63.76054528841309,146.5027907221224,92.90376792621747,42.92498327314486
64.53145156151326,146.45624422014654,91.35323511059042,42.4562636378601
67.20925039332775,147.02448192659426,91.24283283575538,42.07450122383171
66.18081484426173,147.1422011275004,91.35289929121012,41.35072026864227
68.17729002054944,148.15061149910855,90.6764228995112,40.54150083424863
68.07574422284276,150.39161794602606,88.96116439440726,39.931339861495154
66.98930195241607,152.98118513587337,89.82337736734377,39.98315965202757
69.58099636759287,155.08707607750907,90.63785898224162,40.31538125538945
72.93946728323994,155.94548786766566,90.09514438864893,41.3019148947723
72.29462370466663,157.72677078612477,90.16471254631432,42.126594236076734
75.03958637659954,159.01457847906943,90.29937330779516,42.44957418328682
74.75862920944505,159.3343173136151,90.39508109150601,42.70044959780601
77.21302247216437,160.23898871901113,90.23441344347829,42.777132573413766
79.46761386244968,160.07976019800594,89.96798083075433,42.50239650162027
83.6930745700161,160.51672073646287,87.76356372241472,42.160198029934854
88.55755548135193,161.67406838557918,85.70353767549989,41.743939397237206
92.74684429752932,161.62594161841315,81.90106373043147,44.03310527173343
96.26416743532891,163.29930274065438,79.54168085967846,44.598952550108685
98.94593161612778,161.7808543994502,79.10948031790495,45.225763077579316
97.10978277374272,161.38217421135448,80.68168416112233,44.95695180765257
100.09196805750037,161.19754657135624,80.86206657288562,44.9094944161307
92.50997901344827,155.58592888238047,82.64102440494733,45.12934615760767
91.36369064086784,157.14123589480243,83.96570635755141,45.084402384610044
94.65722191738122,159.13525045096554,85.45761089894606,45.44189472232656
100.33106026227009,161.52131252147854,88.42458760577476,45.32362685876639
105.76838975691169,163.599069410156,91.89134783646227,44.89678725476651
109.63746638071383,165.34656567906492,96.30637947960506,44.6147242041771
106.36077398916021,166.26830107191506,99.15756027368337,45.37533123448636
110.74563875826628,158.58227067481442,100.48062992217777,46.18339189898793
76.65052691192702,160.45202573113326,99.37055301671177,47.26865652847672
78.0245985198507,162.94461416269945,98.1124309104454,48.090027307098495
85.53212388324565,165.08051344164923,101.94207622857738,47.70626142398832
89.44575077514992,167.50906156509478,103.45407682404128,48.52946016763676
88.35664036913018,169.43350290227826,106.04856789212326,48.71907255705156
91.75784557694502,172.15241131939095,107.64220697600531,48.79875135499783
101.14329374358849,165.0819441861715,106.79451697206405,49.98177699106559
107.07097117026316,165.30765925796612,107.26887880114877,51.4507251748461
79.93765696188191,155.81142556643448,107.1173019566808,52.584479407884956
71.19561159115298,154.7663909798705,98.75609965309474,60.883694126972365
72.89276861901399,152.99137421553127,90.66235179381435,68.01018301034138
91.9973771452868,144.68059040070742,93.29270383306563,65.26931625278205
102.3909720212534,145.84491683739955,89.43714326204062,68.44755176898519
112.4090358999703,139.87454402804698,92.22305224777088,65.02833301696278
112.38921277970675,142.33664248146232,94.03718717581324,62.063223839586186
120.73682696262935,144.13803196307623,95.00710468399149,60.436389514610624
112.08877410675171,146.21086794522503,95.92607035058074,59.59979838947011
92.28941314569026,145.78710717765586,97.26399286474467,57.72317069746611
99.16857823161138,146.13994158795956,96.80050636660847,56.60790257265952
108.41101372762091,146.1279841394362,98.25036208967731,55.24589646827192
96.70279783270357,145.57554634758645,97.97616773510283,55.06529679791255
104.51806080433616,146.53407406495782,97.8879753947429,55.11425801336968
108.49676662199154,147.98913128106193,100.0343034978965,54.01220470405576
117.70238968007187,148.33417046607934,100.63210775099853,54.112378423521385
122.90408877046475,146.8656913152424,100.23697983388465,53.35554247470698
110.12724593328089,136.92063048910066,97.89136207197308,53.95292425882637
113.87019932017643,135.58913058662782,95.28214950060512,54.5272347365321
119.39989279557038,135.59851658494838,95.29035230964385,54.73654812366381
124.55414197605234,135.23061608804846,95.07436321839431,55.04409481114726
138.59477408341846,134.2513151097539,93.99252298437493,55.05751897423358
158.03936443272434,133.1053029245836,92.48343872131007,54.509913217621005
205.3352496313172,134.07033692226838,92.51725578750325,55.16875794770009
226.78338325492388,135.54097995421682,87.24038093530942,62.33052020838818
219.03324449200335,126.73125716845287,89.11987179428039,60.7885316063321
219.7584075354477,128.1867124017515,90.76704865424531,59.83554657861579
241.157248485161,137.1787424012375,84.91104003362724,67.38091696904806
255.7638874111903,137.0384513464204,74.8065802357679,77.8537378863605
258.08892742923416,134.24250253532924,68.71319935644132,84.55638952160432
247.8554721364841,132.45943280967674,64.65703865287897,91.76403349904763
245.96095956242726,130.83078094879508,60.99535874957052,97.80886907353312
253.3716020671192,127.24927527417962,58.82681231135363,102.32593678110143
251.11343008826273,126.44391184677832,57.69499104308393,105.41115964286969
258.7778859833643,126.15497797213857,56.55524532191163,107.40202487635634
257.2189965635891,125.82428979757516,56.71469138443864,108.65067273703787
263.112028949751,123.01022046102915,55.07912404863826,109.99594445532642
260.4302658411895,123.72229529848222,55.234616227217536,110.49550095431707
258.19874552025357,120.91453912419104,55.92514347950204,109.64181602964503
261.9146658413634,124.77154723962539,55.06293202963471,108.68332443409128
260.44953268125727,122.45445277852093,54.52199788369095,108.99419964322645
259.78928672130746,123.47166432258342,54.2515197642228,108.9908858881398
258.92785621704775,119.65938665171971,54.03943793121239,108.0116852789395
269.63905965827564,120.0824517916391,50.43667216203788,109.00402140496925
265.12851694086294,118.38260683627522,50.1305624293218,107.66739177376586
262.23421975028276,117.08815162640975,50.67793681307612,106.5458837307435
258.62679646395026,113.63545225036631,51.914492351042625,105.26554773399005
249.39516107044653,109.20470435095896,59.09597526573567,98.58449821420122
245.99634606362662,106.33193667279427,64.43538038675925,92.36191490292808
249.80482001427598,109.91519914069988,66.1592594736807,88.86119387641862
249.22466909768136,112.25841847944316,67.42121819082496,86.96881232974565
250.2221725001827,112.18525323903516,67.77741411218642,84.61212872288465
259.8329750760422,114.40878696244872,61.973536430865394,90.06075696239787
263.6509501592927,116.23021569102767,57.57709823106971,94.92488516960763
268.2335766953105,116.95044112658704,53.20987744281712,99.93213479897719
271.4865514858621,118.49757992258131,49.001600610279525,104.92630000941786
274.59255861239046,119.64093472485295,44.859811834441395,109.09816708410429
276.35880873500435,121.72377507934979,42.387586786242764,110.14339764906693
275.70021287661655,128.9033863050925,41.224824260312076,109.28377751539152
275.44045809070843,128.68374150083935,40.32916125522396,108.25140925169782
257.4247950404348,151.28082585758654,46.10158385235333,101.59344201525427
273.7515344446254,133.03199003943098,45.344312853420305,101.83930548506147
272.13882442567655,129.31735802128776,44.87077187180202,102.11307149354639
270.8068374297093,129.02245713081507,44.728753022016015,102.20647279898974
277.4656020336306,126.86686076550691,43.99540846077974,102.63445010220738
275.1483047850942,124.85548049952786,43.58471916344952,102.7876079539592
273.4003995202918,124.07016887175749,43.15297437040731,102.85841801045666
280.0019059248747,126.90273151027341,42.486363309898756,103.17722522854199
277.7145922375595,123.15447503813769,41.88379656602936,103.54477851705174
274.35768257967186,99.38739660692983,41.20803372466963,103.66031431623504
260.13422076262833,96.91637351227078,44.43939453832204,100.47736718127332
265.56753587147466,99.14770720588089,45.16646472956499,99.74555931210425
259.9928799715583,101.61821930676834,47.06594151505439,97.36593671593543
256.30155849418304,98.77187742179763,48.93468085194603,95.4540801378239
262.50248525726977,100.39437132146438,49.63150782198839,95.00834770958414
257.0428444024525,97.25944867344934,52.622313198004804,91.54099608331197
262.4613998443807,100.00396686571125,52.756217290649815,91.33860415755892
268.485312587743,101.61799568501341,50.615246433441826,93.49530880609447
274.18285269926963,97.39821683745268,48.285643581604354,94.64054448736097
271.12392710081025,97.30959440787163,47.21253961647479,95.68947985822653
266.6159697448577,98.29843102616687,47.25327084144152,95.62725922116152
165.65582707118594,150.03324548732024,61.717501501284964,81.08145842385478
167.4024028179469,148.51130137301436,68.84067252515811,73.18850468774485
179.32553128107386,152.9983790389017,73.96738465407991,65.43365201023653
194.1725798210851,156.210068428934,77.20760230184065,59.48252196321559
213.87292172744372,155.89612835983579,76.62893615880111,57.81566905392667
228.9741417901237,158.1532272107097,77.68804121471561,53.960380136568375
241.82032984664647,159.4731414622874,76.83413556065443,51.622508883054365
249.80671305326513,160.38963498239772,74.87196256172376,49.98822373115653
252.6837948093648,158.128331774176,71.35713863959704,51.444130404329115
265.88900506818254,165.9916083861843,66.79222097535518,54.33821125929201
265.6713031872504,158.56983658044527,62.38319190640897,57.554012103436094
255.12032811296626,162.6123740327007,62.510195079269124,57.33711747388864
257.7576265691333,164.4736800379246,62.54398306225974,57.31317036708155
233.67733330869248,200.07822421791118,68.58470798035819,52.35740079372947
225.44155805027793,204.7875732001726,75.52998000139873,46.1341586187727
224.73556180606954,208.17098069590654,80.01141452358321,42.29869171270827
219.74348726656376,210.9073720010835,83.88536319747394,38.940570795927314
224.5642930189656,207.32039005258542,86.80109612931574,36.16108735100451
219.7200259489718,210.53969006636987,90.2320313923502,33.428666465433935
220.3868011568951,212.10289224640943,91.39365896074129,32.49960211695151
211.9773211399362,212.66545305146764,92.0814239262997,31.967193982062437
216.3317596366865,207.7571831890987,92.94762017498655,31.3093780091685
219.82156178325607,209.5601090748012,93.74695465214162,30.47614429310712
211.96619541321067,209.5266170792359,94.57667161464458,29.731164189598847
217.38426646485541,210.0260783193064,95.23587367334238,28.953253750430598
219.7923787000635,210.90181208916127,95.3272605730129,28.537419250195356
224.85617369243448,211.73199472034386,94.97284296681099,27.737273764460557
221.68084431629123,212.08984483675823,95.39839853153644,27.223128664497743
224.19734818948436,212.03695516254032,95.6547474936768,26.808454083032405
224.60952455021362,212.6004340532631,95.89968219153744,26.519770899708544
216.04981130599037,212.59300140369524,95.97311678240088,26.32113435801437
220.83201777765586,213.01021760877236,96.14858440089854,25.97635037939966
224.00576358884376,213.68640848024552,96.22182909138891,25.741565262735076
145.52260677327598,122.61061455077476,94.79776186314947,29.012400558200042
143.57083545328743,118.79762959735035,95.48642451350256,32.248310993918494
143.42184304956268,117.34480943472249,95.48844791114486,35.00107328803962
143.11687497143058,115.32153212902867,94.09788624941592,37.12017104365333
135.37567041649987,114.65577346868669,94.69020060219725,38.028383121083586
128.95981274112393,114.72426080778385,94.74771360614739,39.19003665391067
119.87699541833555,113.43321794610787,95.7523069919585,39.687779182301085
114.3230763809785,112.99183941960571,96.32484958022239,39.78458783957634
109.26156465459641,112.2692413332907,96.80206290572829,39.332420826323826
105.33443134509288,111.20341904349385,95.63816584370508,40.01504883487256
98.83359201481423,111.02061343667293,96.05445155229707,39.74008839467149
91.38062610933534,110.66469960642631,97.02694220114546,40.37351004161636
85.47716588855218,111.11034762649805,98.18660483784117,41.023677495773725
84.28972623078303,110.77838835607416,99.16636079083825,40.83094109458583
88.29467058639582,109.99888827936692,99.25152384505458,41.44365629822077
95.3841199636258,109.37341581763484,100.93750851344619,42.20996285856202
106.89143609448955,108.45542208538663,101.07728756763666,42.567658930732065
121.487336750942,107.49760888833677,101.45568622116241,42.90319277550776
134.75859877555087,106.02497668964557,102.04474061737929,43.324977949638836
149.27329217947548,103.44134938871369,102.77846301668335,43.899984111713756
161.48484838098452,103.32882778874799,103.08922016627758,44.18320621704284
174.6376813718103,102.62487516624523,103.1633473517403,44.387432138851935
184.76630466103137,102.21032013479086,102.68269684263409,45.104845883968736
191.63705133248584,100.77052115265093,100.59315528958108,44.71865457784757
200.07690818994766,98.98389108277831,97.86025878199388,44.564491049685095
210.28718743426057,99.42941321408011,93.64930455667371,44.33912928172185
218.32407957968155,98.92557131217916,89.66434549166186,43.4922007350599
225.73303027563045,97.60235301795448,83.66708084903159,44.83461334241488
233.01778534385727,96.8405205948538,78.32895403624741,45.39586410275124
237.92984338519418,95.58263502427717,75.25420137596741,45.91964443923225
237.92242952966714,94.86390333526212,73.28854793925535,46.01653259906167
238.35526767843498,94.1951655892712,72.68491768082416,44.90440071875959
246.1333795945175,84.51865743387303,66.91943195443304,49.66981155317651
251.53439787393623,83.01685207918968,62.29688643868639,53.54132680641989
256.17569527595714,81.53774180865649,59.50644670971783,56.25330562895559
261.86492220867024,75.08558054769719,57.842197632499676,57.60376748650651
260.0840514191608,75.33395665642622,57.94824501291008,58.02703227306151
257.1992643816374,60.82286291352141,59.26318489835114,57.20876565730863
259.93217974690083,52.233885415503906,59.500998443489635,56.93413543300673
262.86088872838036,50.69815415648378,58.48585085482868,57.346698405377424
268.15791513968827,55.94335389160335,54.55178643553316,61.5430560228458
274.4391609550003,56.14400994793522,49.87035111365541,66.20756317364032
283.26627647060565,54.5632564360954,43.37971432835538,72.74452295420167
284.572653635321,55.19292973347513,39.19380709918252,77.11756399753425
284.45605007098624,77.09293645451211,36.042245026573354,79.194068804972
240.4182399521291,81.0732499149403,46.266638457647,71.53412475664942
226.0555105575871,84.66490286856789,56.449511873806216,64.98907378990404
219.73785665010968,87.0569247678854,64.13908280369023,60.222529363632106
215.5542490058166,88.14722450847646,70.26113179054911,56.782725375575936
211.9238789359001,89.21574840733825,74.52663076522101,54.503457274436066
209.44284822318934,89.86295263884435,78.38051512479318,52.8176288344742
207.56318350158236,90.56224751007014,81.54192230247753,51.86435829754515
205.07021811175974,90.49266884570544,83.88320405334468,51.25905176528594
203.65577034325662,90.45468631758118,85.85409639125041,51.01592475643856
201.88375280496774,91.96129463645235,87.3222003955931,50.79688374354363
199.77580593957788,91.0965500401601,88.71950610795545,50.39986207759236
199.45713000897467,91.81080306651873,89.34167710479048,50.4131647254366
196.5488847523114,91.09526278221361,90.11669804414242,50.19450733990715
196.9428926058385,90.74949844227056,90.3090405204722,50.32300094889709
195.43719255327537,91.99134864230149,90.6255279535556,50.15770426969095
195.1419612452017,90.76434696956534,91.16896321650556,49.89129631450407
196.80928246165018,91.0935734415142,91.19266295432399,50.0597741915483
195.683013749622,90.24734223670649,91.2352499312978,49.89493763094123
194.8565101590483,89.49067801709342,91.5340488814729,49.819678547660644
194.4175579120426,90.05384769830883,91.76808618083173,49.92735429238467
193.92798649646699,89.70591531612993,92.30241549226673,49.9565949875286
190.187010070979,89.92440548874546,92.52818901050956,49.910320108567994
187.80461848010896,90.60683004883317,92.6944151968578,49.77963522636864
184.66760525404507,91.20259385549411,92.91496102383297,49.60067620607195
181.55533345929288,90.57462958255422,93.16210907882196,49.46883052290208
178.25249753353938,91.3034456012729,93.11285796814023,49.576799834341685
175.3697355029383,91.53874710622347,93.17349225501987,49.65771866215185
171.4432033991813,91.76386582834508,93.4090962116794,49.87906785063722
167.91105158491385,92.40087115086155,93.61761780820137,49.93823000376101
163.55870168200633,92.25347133222519,93.74577475970733,50.27136806753428
163.60376122653372,92.39985159187906,93.96990178872127,50.4228064248459
155.98516750330782,92.73441174693615,94.24462394891813,50.65737853902906
150.5495076433915,93.3417625740154,94.58798384514242,50.70334885809898
145.1586371188166,94.06583889896348,95.02896943164569,50.850248212063306
137.23521579767987,94.6161857425231,94.9153180324763,51.19855738692068
131.16093523565453,94.18446116204808,95.20810427707141,51.40166778844842
123.28584240603547,96.14886201132798,94.89427550149509,51.45785835558994
115.59894451516342,97.11434596068662,94.9674664629877,51.56700009127205
112.22358167875014,97.3753962723643,94.5929570550953,51.49850288459801
104.96183527217833,99.37857885276694,93.96517137245033,51.40771155916565
98.52798521499525,100.53449617324925,93.9163799783326,51.22668908632235
92.67798076599925,100.72549041793147,93.86958654630752,51.36654641452384
84.23998350202652,102.63664358101812,93.28942911197271,51.604963393099084
78.70095495581751,103.4553505390094,93.62893029618762,51.76244870235149
71.65281898873431,106.13009419001709,94.36823716535157,52.037651456183276
70.55813349526235,106.52934333655453,94.0191681632055,51.80609692779499
70.9823396705886,107.42006603042566,93.700418481258,51.59664310289607
71.0663791567085,108.40910798272832,93.31969752479387,51.65205462446872
73.52149389166262,107.58389123143544,92.92901265632608,51.77734295398166
76.15259994928294,108.02392903275282,92.37568573395652,51.76720536728471
77.52048434970075,107.9176449107508,92.4539411430971,51.78839291678018
79.75070586526007,107.75837536475923,92.62266852976411,51.997611785431864
79.26360552808741,107.84692506841984,92.58193573719811,51.87308102612115
80.92535042585304,108.26588085804782,92.05200334713865,51.72384473125087
82.10963237553007,108.02508088455266,91.75038023223894,51.3743927921595
84.22686750977644,108.49213097034306,91.49525719275012,51.10681023589699
86.73496178596233,108.23095551571025,91.32659042229972,51.01945617384914
89.86354343841833,107.32400662723016,91.24251995948975,51.062455012630295
91.95319628752273,107.61555534184808,90.97756643985458,51.188862128129415
93.69323181802774,108.8313087609823,90.8597447532342,51.218678074284824
95.32994196041624,109.01654634785032,90.76494433005999,51.09674032177527
97.74241147600387,110.37886897009832,90.64096545818649,51.2287530591518
98.79988189024992,110.34329870598867,90.48994641504899,50.93078529789092
101.56001095676405,111.31675941555497,89.8967398262102,51.02012543729104
101.84309345744414,111.6242831826141,90.16164328102295,50.939853994748375
104.09528634778567,111.86429254417517,90.12505907123223,50.79569308021619
104.68961835007251,112.48536151625702,90.14621068803459,50.83441889795435
107.98857028957352,112.76827160852604,89.73038326319518,51.13417229844972
111.35950923989495,113.39278962532612,89.2104268064915,51.36797322659577
112.83896588807232,113.38187689738356,88.99227192917364,51.189583536535324
114.78181204314828,114.18276676835924,89.42517216739206,51.347046090802834
115.66993913619726,115.01794266117076,89.50421506991718,51.25071481013128
118.01052524532591,115.71597315062913,89.58284662363253,51.168588991851465
119.99998412533131,114.81162819537761,89.76074629984,51.04754526835943
123.44128558269817,115.4117536684997,89.83472593134039,51.1601693545402
125.83340226096149,116.36962402601574,89.80325536930837,51.05384445676886
130.10904121280498,115.93627630619743,88.96672918604983,51.08477393857313
131.20928586265353,116.26509783813215,89.05482984072898,50.84658294589357
135.0497741480145,116.60976226705125,88.14012629170503,50.38508208407093
141.60707904039066,116.75459528164484,85.65266990355917,50.11716947034911
147.98851298172255,118.25561009702342,82.98051170717467,48.84229016059871
155.26929078995198,118.24643919094092,79.24019746950003,48.24391201159734
160.6567574804714,117.69449599871862,76.33611798937054,47.67508821575934
163.09143297854064,117.13498304434074,74.74601713819062,46.94238759253266
165.34195886073596,116.00066542177653,74.63159781627434,46.05659268667538
164.3231008472042,114.65447929886338,75.24313717612442,45.72443785959519
161.12751597564744,107.51767823516796,76.82011700834929,45.114876534837585
152.3478754258442,101.33015604957745,78.49076247257977,44.63214807887016
149.75938004715493,101.7576374454562,79.70494533620526,43.863916326100295
148.62853363405338,101.483214533317,79.96844978598168,43.53102450093795
147.34788739001317,101.5951203630175,80.23352888561908,42.72688038351768
144.50113331513268,101.86830860498148,80.351733004008,42.362396473423175
125.85480000156828,109.66935187404914,79.54457663308992,42.96675562925759
112.98948749969134,117.36027916581082,79.1687506022979,42.88807315724545
110.13103387166058,117.42438741613056,78.53271872948368,43.452206686551364
111.24711856355572,117.29563333428996,78.7680273825739,43.744310201898784
109.33952624941941,118.08486265078389,80.62061583279171,43.11687628004296
107.92518091832534,119.02698402127248,82.96425152519225,42.54763323865835
110.52220092880454,119.31132740842409,85.89922075106003,42.508767621810605
108.44197380419584,117.71821605632354,89.01424934681977,42.70030157669834
107.17588746603957,117.01631806488686,91.86602656896399,42.88104529631182
100.307540294462,115.83641143376408,93.74293773951172,43.05482483281884
95.76826343413775,114.83473387488895,95.36031649525543,43.06903288349909
92.80155977786072,114.70594093013703,96.74742578077094,43.3312280411616
86.63426265429703,114.47323710590808,97.65156482007357,43.46476996171805
83.93612850841097,113.89746127295989,98.61153617199585,43.60755235385651
79.81962109598993,114.83878515926773,99.82290783506427,43.78954510324401
78.23463497148157,113.88390630466989,100.04460499481705,43.87686206899332
73.90762449571173,113.65135319777077,100.82143344910332,44.33832150158915
71.69227651683318,114.10193350554815,101.4230702828675,44.25222710441055
68.62943169303371,114.09300942172618,101.45678614888075,44.22101707312567
68.10646794566338,114.17305346152793,101.7545734277477,44.08575389221215
67.53061625918252,113.70669899751218,101.43899092920365,43.8734564020155
66.51018101297987,113.40201041721905,101.69773356440074,43.87793141435501
66.43543326572802,112.9356651063791,101.9464409305284,43.92064976649982
67.21661875711398,112.84515259190448,101.94665995077011,44.23435837060242
65.307267987821,112.72324464730762,102.08253020197203,44.35590805663107
67.18357309010383,112.54542092971572,101.96739739532507,44.38633565200357
64.6964880916881,113.13274002662101,101.65342661838335,44.65997517006126
65.73742879645388,112.48619094341613,101.43421324626632,44.637240006316595
66.54741302052734,113.32398025619304,100.75571607678685,44.95080940150713
61.2904975099995,112.1880100313349,100.67598306433425,45.17581667709011
62.834927625494245,112.25729050466116,100.46949616632205,45.114685315596404
62.87820544703237,111.76541676430145,100.70208340130137,45.13276197226492
64.68900247324001,112.16879175687356,100.37000365209347,45.14911964693745
63.74689242376464,111.498858299886,100.0382246246099,44.85464436730905
63.67873858348143,112.34062255515495,99.86465216773277,45.07488213122335
60.65990126263597,112.30560139371201,100.1424481740172,44.74507161201673
59.188517893800736,111.50243393097553,100.12127715228826,44.906115614371096
55.23654158604183,110.76869581247449,99.97782833958341,45.049938272614924
48.71337675715104,110.8858073907833,100.17006635307789,44.90515352461051
49.50536301867069,111.39881732829146,99.72824745075849,44.95511240554513
45.3427289793283,111.5336796311741,99.34149751644279,45.34456867937275
43.73164363290211,112.3837491931056,99.84445829985607,45.162605991933994
41.06145283311683,112.0974594999286,100.16305320966833,45.445504748319344
37.02877998349595,110.97763179725386,100.24572621756488,45.342189067166736
32.26385299175234,109.80166586546312,100.43850019922105,45.26723341854119
33.13972666915359,111.43617386276462,100.90426759776022,45.07563408233969
33.17287099162564,112.35908810264074,101.05507706969081,44.85802353814959
31.38993418229908,111.59083433974405,101.136839617711,44.67754488459115
32.51438528442586,111.50551256511412,100.94771371960978,44.69930091878295
32.387887028772894,111.63248363746305,100.95735862240093,44.73071762027269
32.5766451774941,111.73932149435652,101.03899749706812,44.77454994596023
32.16605251355567,112.13132126641361,101.17528176627113,44.74981677834144
32.77672039036769,112.0809045375187,101.19639589229338,44.21560995292812
32.39175781553378,112.95430141972699,101.57414384760429,44.07100251072376
31.947937031811293,112.00753025100424,101.22857950055189,43.854238346780704
32.15942151460082,112.7824135156562,101.35094135744063,43.96119007156615
31.748439062495315,112.97575360529598,101.44798038598789,44.13683495265416
32.1286059285573,112.0376311294028,100.9101917113991,43.942486070517205
31.181075613283873,113.05993164761728,101.27909698935348,43.87047703028115
31.554497329447308,113.38507068827312,101.3126879270675,44.06049366771187
32.490908468270064,112.1668819927844,100.64109307595092,43.962694947467966
31.86806787358838,113.91893232210126,100.90099056913967,43.94785782338017
31.61488437830574,111.8424222074861,101.0468664329292,44.0950058030072
30.710455670735797,115.12861582327987,101.73093973609247,43.57289485086912
30.231532324570416,113.49891677621889,101.37712911889106,43.55665293415733
31.36601233082702,112.41062053413536,101.25884631050994,43.76684205318921
30.73472929095319,113.99043391842172,101.95073558666873,43.74835812977031
30.337684677582743,112.23720265518224,102.11992792944508,43.58197958416672
31.39548342478585,112.34047958054344,102.02525095009929,43.709510691282404
30.666318271955483,112.64240003868971,101.58170146831496,43.312277921418904
31.71110875058592,113.47642796902761,101.24428773593812,42.748395124975
29.609588249990452,113.15711888246123,100.77345531259903,42.24595854861892
30.912922882924477,113.45811043099236,100.75635633062075,42.38852538165232
29.588698743892877,113.27860299461543,100.45495786414659,42.269454527906646
27.473311959933852,113.91967660231936,100.38850118838178,42.11293149233889
29.282586617926306,114.61286652968093,100.1453497930054,41.9405368423124
24.548242851777047,112.60873588424931,99.58243351213252,41.966232730190995
27.080002139713912,113.83497191953363,100.41297793216944,42.40497264616412
25.19612323743887,113.79637471846505,100.53912249170915,42.20923693283992
26.782187534717984,113.5995990886559,100.67001055974858,42.416000080533074
25.394825114169322,114.1012778075316,100.5262075592779,42.29811315231081
24.548176119587765,113.98293536682715,99.8584628104802,42.12244511414117
24.77408742066674,113.72843707654813,100.17327568586514,42.27883134504403
22.740351514604697,114.21522311559823,100.62547712178377,42.70055500611773
21.0542490333344,113.67231622843613,100.1277117626691,42.787542634316154
21.290093564447403,113.95377777052678,100.21579346336347,43.047233862306754
18.93200180382729,114.5541763560376,100.5234896646574,43.1805558919916
19.62063552959293,114.02824793381548,99.77990494093984,43.36873499633882
18.122415159599313,115.0782671803654,99.77133054611568,43.60390301187546
17.85644007873134,114.3942615697982,99.44918518926261,43.506270111839804
18.071760451890484,114.8502298326676,99.71179688721159,43.55089670122096
13.898570444179747,114.0747404400924,100.0961140669397,43.76331538200124
16.839688572934485,113.52072369653246,100.57483257093536,44.62480683258774
16.78806091729261,114.34517704616792,100.95199667614534,44.98399730510026
18.949307881219227,113.74317535078791,100.93026206378283,45.27656336323014
22.768596951429657,113.9992369894795,100.37966228639908,45.27583351369576
24.634845695641452,114.38951954924096,100.01990101356692,45.146901716411776
25.606944351770125,116.17621933089362,100.30164249830665,44.939050286956544
28.86816843289482,116.12447464844276,99.72886369717176,45.06983905041463
31.404147647797352,116.0594980132374,99.20644721759253,44.77741905579735
32.18376110088569,115.9320218826424,98.87203818346327,44.744076971846894
34.74827634866823,116.65462199562499,99.07049134192042,44.5142429901978
37.79047876111052,116.52566738532055,98.40685191696869,44.13953706178555
39.90664706842571,115.82808227366893,98.43429523245305,43.85474524609496
42.36892071073251,116.78277679124679,98.20970817962046,44.07176192688159
41.6815561638181,116.19715202535804,98.32550623268543,44.4252025325536
45.33860069052848,117.00472997887952,98.60850027100051,44.15683372058052
46.29982696351057,117.9047834452547,99.25559800083894,44.170151375079946
46.98637606405422,116.5228728729076,99.74698947431982,44.408327502150236
49.49497582656323,117.16337528529839,99.6462266215125,44.413582566971314
49.11609139151078,117.51980610334851,100.05065605794735,44.175535465058374
51.0183126739921,117.31571791252442,100.00133210145944,44.14828680360049
52.24283213711991,118.68606800383816,100.09419476364376,44.03399519793834
52.427695676299585,117.59952627235263,100.5158131623886,44.014811481420246
54.48389780655478,117.1243793769612,100.09571279782853,44.11510310259405
56.73405972387782,118.40636227815057,100.00285012956428,43.889315696440285
57.48453938435969,117.95743828535473,99.95338562156593,43.65908367161785
60.909019635511484,117.91842629339351,99.99563948998988,43.68015060065703
60.66021491836064,117.83958620605665,99.82039909032628,43.45357655818292
63.61609625597676,118.77106894335472,100.118627393335,43.62723527677832
61.89091949536509,117.07134449577657,100.53938768526451,43.81550253130962
65.90594476502665,118.31041761550338,100.52032061304347,44.17813297375602
66.357962752215,118.3558052029441,100.24316814544166,43.95238746172212
68.68402708801457,117.59351495193638,100.07294588787447,43.822796973747316
69.27191658687036,118.82776885349438,99.77073149110744,43.701695081123276
70.068236148171,117.32626286513822,99.50285721626159,43.75694528377246
73.129632174911,118.05237756506642,99.8262002068795,43.827793014233755
71.7690627519645,118.53239614450982,99.88405022106167,43.6176076185954
76.24273011426752,118.99972002011364,99.89139307824274,43.64280850973698
74.7099356929434,118.94469795102626,99.65258672206895,43.80268995405363
76.62435907366128,118.03241423979122,99.57045884414761,43.80635967812128
78.51246355608394,119.0169311280199,99.703900443496,44.06525191751779
78.43405293543415,119.6307677326438,99.83116476218102,43.96141987476627
81.45061356038886,118.1803377470109,100.40073754684799,44.13355655844969
80.05517634267007,119.67195394004823,100.57999131768904,44.3807659810756
81.95317038754155,119.64585071092655,100.41181108355215,44.39647631788258
85.23651652252552,119.00917788648388,100.5416749048928,44.56174181807101
85.6392181236863,119.20296580755587,100.64327546290906,44.59207774388666
86.98148321074636,119.93528679290668,100.65182642930714,44.852380245497955
88.60988761009278,120.54521737928796,100.80096770004178,44.77677709504375
90.4983505471009,120.91787230668095,100.64707940270097,44.5319528989034
91.10686351652413,121.5185688491155,100.49658130732985,44.11084165578922
94.03753192768778,122.06962601845956,100.41784345732309,43.70070893073712
92.57111049683942,123.58191719357961,100.93939471974613,43.37173376586078
94.94576459919952,123.09651302698671,101.11401620634065,43.34979079871163
96.47459060479022,123.77305945488233,100.95327319364861,43.405028860278804
99.64433064806833,123.39381602766109,100.7732898913026,43.4146882572933
99.84229904873862,123.49754243146981,100.27900905451536,43.15284813356813
102.07038101674101,124.4032584026274,100.21711267756213,43.37864787498402
102.69912808293819,124.8741725752314,100.26903793870717,43.263369953874985
103.80207255126052,125.43292768213165,100.84073880003615,43.2476833084186
103.60385000553084,126.70916461440378,101.29689669634942,43.017080009288776
105.2961056560931,125.3292857533205,101.21889226740203,43.20678320035789
106.0334211000974,127.13798574640572,101.47995757594951,43.26144680328355
108.57075180867153,126.69815115505828,101.38267023564451,43.078353129494964
111.10964921175676,126.38382540887355,101.46207290490742,43.10136736953366
111.45441884319038,127.40739479314388,101.97808443187324,43.519896802439526
113.22148492939623,126.36310544766658,102.20411652032581,43.50330834289668
113.459126068049,127.1222601105436,102.40555825968667,43.82970447959836
114.23754796935695,126.67715126516691,102.21720610669846,43.911503240774906
115.73391045868883,127.93911976347604,102.5532667859174,43.67878047183301
115.5290014393104,129.00059387293805,102.39842201053392,43.58297120134958
